	TP461 TP694 TP994 TP1606 TP1926 TP2404 TP3490 TP3495 TP4012 TP4085 TP4883 TP4965 TP5014 TP5034 TP5189 TP5287 TP5370 TP5526 TP5984 TP6046 TP6237 TP6826 TP7609 TP9235 TP10055 TP10539 TP11085 TP11381 TP11683 TP21813 TP21989 TP22176 TP22857 TP23317 TP23426
CANOT11829	1	02 04 02 02 04 03 02 03 02 04 01 02 01 03 04 03 04 02 01 04 03 02 03 02 02 03 03 01 04 01 04 03 02 04 01
CANOT11829	1	02 04 02 02 04 03 02 03 02 04 01 02 01 03 04 03 04 02 01 04 03 02 03 02 02 03 03 01 04 01 04 03 02 04 01
CANOT11830	1	02 04 02 02 04 03 02 03 02 04 01 02 01 03 04 03 04 02 01 04 01 02 03 02 01 03 03 01 04 01 04 03 02 04 01
CANOT11830	1	02 04 02 02 04 03 02 03 02 04 01 02 01 03 04 03 04 02 01 04 03 02 03 02 02 03 03 01 04 01 04 03 02 04 01
CANOT11832	1	02 04 02 02 04 03 02 03 02 04 01 02 01 03 04 03 04 02 01 04 03 02 03 02 02 03 03 01 04 01 04 03 02 04 01
CANOT11832	1	02 04 02 04 04 03 02 03 02 04 01 02 01 03 04 03 04 02 01 04 03 02 03 02 02 03 03 01 04 01 04 03 02 04 01
CANOT11837	1	02 04 02 02 04 03 02 03 02 04 01 02 01 03 04 03 04 02 01 04 03 02 03 02 01 03 03 01 04 01 04 03 02 04 01
CANOT11837	1	02 04 04 02 04 03 02 03 02 04 01 02 01 03 04 03 04 02 01 04 03 02 03 02 02 03 03 01 04 01 04 03 02 04 01
CANOT11838	1	02 04 02 02 04 03 02 01 02 04 01 02 01 03 04 03 04 02 01 04 03 02 03 02 02 03 03 01 04 01 04 03 02 -9 01
CANOT11838	1	02 04 02 02 04 03 02 03 02 04 01 02 01 03 04 03 04 02 01 04 03 02 03 02 02 03 03 01 04 01 04 03 02 -9 01
CANOT2617	1	02 04 02 02 04 03 02 03 02 04 01 02 01 03 02 03 04 02 01 04 03 02 03 02 02 03 03 01 04 01 04 03 02 04 01
CANOT2617	1	02 04 02 02 04 03 02 03 02 04 01 02 01 03 04 03 04 02 01 04 03 02 03 02 02 03 03 01 04 02 04 03 02 04 01
CANOT2618	1	02 04 02 02 -9 03 02 -9 02 04 -9 02 01 03 04 03 04 02 01 04 03 02 03 02 02 -9 03 -9 04 01 04 03 -9 04 01
CANOT2618	1	02 04 02 02 -9 03 02 -9 02 04 -9 02 01 03 04 03 04 02 01 04 03 02 03 02 02 -9 03 -9 04 02 04 03 -9 04 01
DB12041	1	02 04 02 02 04 03 02 03 02 04 01 -9 01 03 04 03 04 02 -9 04 03 02 03 02 02 01 03 01 04 01 04 03 02 04 01
DB12041	1	02 04 02 02 04 03 02 03 02 04 01 -9 01 03 04 03 04 02 -9 04 03 02 03 02 02 01 03 01 04 02 04 03 02 04 01
DB2589	1	-9 04 02 02 04 03 -9 03 02 04 01 02 01 03 04 03 04 02 01 04 03 02 -9 02 02 03 03 01 04 01 04 03 02 04 01
DB2589	1	-9 04 02 02 04 03 -9 03 02 04 01 02 01 03 04 03 04 02 01 04 03 02 -9 02 02 03 03 01 04 01 04 03 02 04 01
DB2590	1	02 04 02 02 04 03 02 03 02 04 01 02 01 03 04 03 04 02 01 04 03 02 03 02 02 03 03 01 04 01 04 03 02 04 01
DB2590	1	02 04 02 02 04 03 02 03 02 04 01 02 01 03 04 03 04 02 03 04 03 02 03 02 02 03 03 01 04 02 04 03 02 04 01
DB2592	1	02 04 02 02 04 03 02 03 02 04 01 02 01 03 04 03 04 02 01 04 03 02 03 02 02 -9 03 01 04 01 04 03 02 02 01
DB2592	1	02 04 02 02 04 03 02 03 02 04 01 02 03 03 04 03 04 02 01 04 03 02 03 02 02 -9 03 01 04 01 04 03 02 04 01
DB2593	1	02 04 02 02 04 03 -9 03 02 04 01 -9 01 -9 04 -9 -9 02 -9 04 03 02 -9 02 02 03 03 01 04 01 04 03 02 04 01
DB2593	1	02 04 02 02 04 03 -9 03 02 04 01 -9 01 -9 04 -9 -9 02 -9 04 03 02 -9 02 02 03 03 01 04 01 04 03 02 04 01
DB2634	1	02 04 02 02 04 -9 -9 03 02 04 01 02 01 03 -9 03 04 02 01 04 03 02 03 02 02 03 03 01 04 01 04 03 02 04 01
DB2634	1	02 04 02 02 04 -9 -9 03 02 04 01 02 03 03 -9 03 04 02 01 04 03 02 03 02 02 03 03 01 04 01 04 03 02 04 01
DB2635	1	02 04 02 02 04 -9 -9 03 02 04 01 02 01 03 04 03 04 02 01 04 03 02 03 02 02 03 03 01 04 01 04 03 02 04 01
DB2635	1	02 04 02 02 04 -9 -9 03 02 04 01 02 01 03 04 03 04 02 01 04 03 02 03 02 02 03 03 01 04 01 04 03 02 04 01
DB2637	1	02 04 02 02 04 03 02 03 02 04 01 02 01 03 04 03 04 02 01 04 01 02 03 02 02 03 03 01 04 01 04 03 02 04 01
DB2637	1	02 04 02 02 04 03 02 03 02 04 01 02 01 03 04 03 04 02 01 04 03 02 03 02 02 03 03 01 04 01 04 03 02 04 03
SIPS09	1	02 04 02 02 02 03 02 03 02 04 01 02 01 03 04 03 04 02 01 04 03 02 03 02 02 01 03 01 04 01 04 03 02 04 01
SIPS09	1	02 04 02 02 04 04 02 03 02 04 01 02 03 03 04 03 04 02 01 04 03 02 03 02 02 03 03 01 04 01 04 03 02 04 01
SIPS110	1	02 04 02 02 02 03 02 -9 02 04 01 02 01 03 02 03 04 02 01 04 03 02 03 01 01 01 03 01 04 01 02 03 02 04 01
SIPS110	1	02 04 02 02 04 04 02 -9 02 04 01 02 01 03 04 03 04 02 01 04 03 02 03 02 02 03 03 01 04 01 04 03 02 04 01
SIPS114	1	02 04 02 02 04 03 02 03 02 04 01 02 01 01 04 03 04 02 01 04 03 02 01 02 02 03 03 01 04 01 02 03 02 04 01
SIPS114	1	04 04 02 02 04 03 02 03 02 04 01 02 01 03 04 03 04 02 01 04 03 02 03 02 02 03 03 01 04 01 04 03 02 04 01
SIPS13	1	02 04 02 02 02 03 02 03 02 04 01 02 01 03 04 03 04 02 01 04 03 02 01 02 01 03 03 01 04 01 04 03 02 04 01
SIPS13	1	02 04 02 02 04 03 02 03 02 04 01 02 03 03 04 03 04 02 01 04 03 02 03 02 02 03 03 01 04 01 04 03 02 04 01
SIPS14	1	02 04 02 02 04 03 02 03 02 04 01 02 01 03 04 03 04 02 01 04 01 02 03 02 02 03 03 01 04 01 04 03 02 04 01
SIPS14	1	02 04 04 02 04 03 04 03 02 04 01 02 01 03 04 03 04 02 03 04 03 02 03 02 02 03 03 01 04 01 04 03 02 04 01
SIPS18	1	02 04 02 02 04 03 02 01 02 04 01 02 01 03 04 03 04 02 01 04 01 02 03 02 02 03 03 01 04 01 04 03 02 04 01
SIPS18	1	02 04 04 04 04 03 04 03 02 04 01 02 01 03 04 03 04 02 03 04 03 02 03 02 02 03 03 01 04 01 04 03 02 04 01
SIPS20	1	02 04 02 02 04 03 02 01 02 04 01 02 01 03 04 03 04 02 01 04 03 02 03 02 01 03 03 01 04 01 04 03 02 04 01
SIPS20	1	02 04 02 02 04 03 02 03 02 04 01 02 01 03 04 03 04 02 01 04 03 02 03 02 02 03 03 01 04 02 04 03 02 04 03
SIPS26	1	02 04 02 02 02 03 02 03 02 04 01 02 01 03 04 03 04 02 01 04 03 02 03 02 02 01 03 01 04 01 04 03 02 04 01
SIPS26	1	02 04 02 02 04 04 02 03 02 04 01 02 03 03 04 03 04 02 01 04 03 02 03 02 02 03 03 01 04 01 04 03 02 04 01
SIPS27	1	02 04 02 02 04 03 02 03 02 04 01 02 01 03 04 03 04 02 01 04 03 02 03 02 02 03 03 01 01 01 04 03 02 04 01
SIPS27	1	02 04 02 02 04 03 02 03 02 04 01 02 03 03 04 03 04 02 01 04 03 02 03 02 02 03 03 01 04 01 04 03 02 04 01
SIPS32	1	02 04 02 02 04 03 02 03 02 04 01 02 01 03 04 03 04 02 01 04 01 02 03 02 02 03 03 01 04 01 04 03 02 04 01
SIPS32	1	02 04 04 02 04 03 04 03 02 04 01 02 01 03 04 03 04 02 03 04 03 02 03 02 02 03 03 01 04 01 04 03 02 04 01
Sipsey122	1	02 04 02 02 04 03 02 03 02 04 01 02 01 03 04 03 04 02 01 04 03 02 03 02 02 03 03 01 01 01 02 03 02 04 01
Sipsey122	1	02 04 02 02 04 03 02 03 04 04 01 02 01 03 04 03 04 02 01 04 03 02 03 02 02 03 03 01 04 01 04 03 02 04 01
Sipsey123	1	02 01 02 02 04 03 02 03 02 04 01 02 01 03 04 03 04 -9 01 04 03 02 03 02 02 03 -9 01 04 01 04 03 02 04 01
Sipsey123	1	02 04 02 02 04 03 02 03 02 04 01 02 01 03 04 03 04 -9 01 04 03 02 03 02 02 03 -9 01 04 01 04 03 02 04 01
Sipsey124	1	02 01 02 02 04 03 02 03 02 04 01 02 01 03 04 03 04 02 01 03 03 02 03 02 01 03 03 01 04 01 04 03 02 04 01
Sipsey124	1	02 04 02 02 04 03 02 03 02 04 03 02 03 03 04 03 04 02 01 04 03 02 03 02 02 03 03 01 04 01 04 03 02 04 01
TN11851	1	02 04 02 02 04 03 02 03 02 04 01 02 -9 03 04 03 04 02 01 04 01 02 03 02 01 03 03 01 04 01 04 03 02 04 01
TN11851	1	02 04 02 02 04 03 02 03 02 04 01 02 -9 03 04 03 04 02 01 04 03 02 03 02 02 03 03 01 04 01 04 03 02 04 01
TN11853	1	02 -9 02 02 04 -9 -9 -9 02 -9 -9 -9 -9 03 04 03 04 -9 01 04 03 02 -9 02 02 03 03 01 -9 01 -9 03 02 -9 01
TN11853	1	02 -9 02 02 04 -9 -9 -9 02 -9 -9 -9 -9 03 04 03 04 -9 01 04 03 02 -9 02 02 03 03 01 -9 01 -9 03 02 -9 01
TN11854	1	-9 04 02 02 -9 03 02 03 02 04 01 -9 01 03 04 03 04 02 01 04 03 02 -9 02 02 03 -9 01 04 01 04 -9 02 04 01
TN11854	1	-9 04 02 02 -9 03 02 03 02 04 01 -9 01 03 04 03 04 02 01 04 03 02 -9 02 02 03 -9 01 04 01 04 -9 02 04 01
FL01	2	04 01 02 04 04 04 02 01 04 01 03 04 03 03 02 01 02 04 03 03 03 04 03 01 01 01 03 01 01 02 02 03 02 04 03
FL01	2	04 01 02 04 04 04 02 01 04 01 03 04 03 03 02 01 02 04 03 03 03 04 03 01 01 01 03 01 01 02 02 03 02 04 03
FL09	2	04 01 02 04 04 04 -9 01 04 01 03 04 03 03 02 01 02 04 03 03 03 04 03 01 01 01 03 01 01 02 02 03 -9 -9 03
FL09	2	04 01 02 04 04 04 -9 01 04 01 03 04 03 03 02 01 02 04 03 03 03 04 03 01 01 01 03 01 01 02 02 03 -9 -9 03
FL12	2	04 01 02 04 04 04 02 01 04 01 03 04 03 03 02 01 02 04 03 -9 03 04 03 01 01 01 03 01 01 02 02 03 02 04 03
FL12	2	04 01 02 04 04 04 02 01 04 01 03 04 03 03 02 01 02 04 03 -9 03 04 03 01 01 01 03 01 01 02 02 03 02 04 03
FL15	2	04 01 02 04 04 04 02 01 04 01 03 04 03 03 02 -9 02 04 03 03 03 04 03 01 01 01 03 01 01 02 02 03 02 04 03
FL15	2	04 01 02 04 04 04 02 01 04 01 03 04 03 03 02 -9 02 04 03 03 03 04 03 01 01 01 03 01 01 02 02 03 02 04 03
FL16	2	04 01 02 04 04 04 02 01 04 01 03 04 03 03 02 01 02 04 03 03 03 04 03 01 01 01 03 01 01 02 02 03 02 04 03
FL16	2	04 01 02 04 04 04 02 01 04 04 03 04 03 03 02 01 02 04 03 03 03 04 03 01 01 01 03 01 01 02 02 03 02 04 03
FL20	2	04 01 02 04 04 04 02 01 04 01 03 04 03 03 02 01 02 04 03 03 03 04 03 01 01 01 03 01 01 02 02 03 02 04 03
FL20	2	04 01 02 04 04 04 02 01 04 01 03 04 03 03 04 01 02 04 03 03 03 04 03 01 01 01 03 01 01 02 02 03 02 04 03
FL21	2	04 01 02 04 04 04 02 01 04 01 03 04 03 03 02 01 02 04 03 03 03 04 -9 01 01 -9 03 01 01 02 02 03 02 04 03
FL21	2	04 01 02 04 04 04 02 01 04 01 03 04 03 03 02 01 02 04 03 03 03 04 -9 01 01 -9 03 01 01 02 02 03 02 04 03
FL23	2	04 01 02 04 04 03 02 01 04 01 03 04 03 03 -9 -9 02 04 03 03 03 04 03 01 01 01 03 01 01 02 02 03 02 04 03
FL23	2	04 01 02 04 04 03 02 01 04 01 03 04 03 03 -9 -9 02 04 03 03 03 04 03 01 01 01 03 01 01 02 02 03 02 04 03
FL30	2	04 01 02 04 04 04 02 01 04 01 03 04 03 03 02 01 02 04 03 03 03 04 03 01 01 01 03 01 01 02 02 03 02 04 03
FL30	2	04 01 02 04 04 04 02 01 04 01 03 04 03 03 02 01 02 04 03 03 03 04 03 01 01 01 03 01 01 02 02 03 02 04 03
FL55	2	04 01 02 04 04 04 -9 01 04 01 03 04 03 03 -9 01 02 04 03 03 03 04 -9 01 01 -9 03 01 01 02 02 03 02 04 03
FL55	2	04 01 02 04 04 04 -9 01 04 01 03 04 03 03 -9 01 02 04 03 03 03 04 -9 01 01 -9 03 01 01 02 02 03 02 04 03
FL60	2	04 01 02 04 04 04 02 01 04 01 03 04 03 03 02 01 02 04 03 03 03 04 03 01 01 01 03 01 01 02 02 03 02 04 03
FL60	2	04 01 02 04 04 04 02 01 04 01 03 04 03 03 02 01 02 04 03 03 03 04 03 01 01 01 03 01 01 02 02 03 02 04 03
FL64	2	04 01 02 04 04 -9 02 01 04 01 03 04 03 03 02 01 02 04 03 -9 03 04 -9 01 01 01 03 01 01 02 02 03 02 04 03
FL64	2	04 01 02 04 04 -9 02 01 04 01 03 04 03 03 02 01 02 04 03 -9 03 04 -9 01 01 01 03 01 01 02 02 03 02 04 03
FL68	2	04 01 02 04 04 04 02 01 04 01 03 04 03 03 02 01 02 04 03 -9 03 04 03 01 01 01 03 01 01 02 02 03 02 04 03
FL68	2	04 01 02 04 04 04 02 01 04 01 03 04 03 03 02 01 02 04 03 -9 03 04 03 01 01 01 03 01 01 02 02 03 02 04 03
FL70	2	04 01 02 04 04 04 02 01 04 01 03 04 03 03 02 01 02 04 03 03 03 04 03 01 01 01 03 01 01 02 02 01 02 04 03
FL70	2	04 01 02 04 04 04 02 01 04 01 03 04 03 03 02 01 02 04 03 03 03 04 03 01 01 01 03 01 01 02 02 03 02 04 03
FL71	2	04 01 02 04 04 -9 02 01 04 01 03 04 03 03 02 01 02 04 03 03 03 04 03 01 01 01 03 01 01 02 02 03 02 04 03
FL71	2	04 01 02 04 04 -9 02 01 04 01 03 04 03 03 02 01 02 04 03 03 03 04 03 01 01 01 03 01 01 02 02 03 02 04 03
FL72	2	04 01 02 04 04 04 02 01 04 01 03 04 03 03 02 01 02 04 03 03 03 04 -9 01 01 01 03 01 01 02 02 03 02 04 03
FL72	2	04 01 02 04 04 04 02 01 04 01 03 04 03 03 02 01 02 04 03 03 03 04 -9 01 01 01 03 01 01 02 04 03 02 04 03
FL73	2	04 01 02 04 04 04 02 01 04 01 03 04 03 03 02 01 02 04 03 -9 03 04 03 01 01 01 03 01 01 02 02 03 02 04 03
FL73	2	04 01 02 04 04 04 02 01 04 01 03 04 03 03 02 01 02 04 03 -9 03 04 03 01 01 01 03 01 01 02 02 03 02 04 03
FLAL01	2	04 01 02 04 04 -9 02 01 04 01 03 04 03 03 -9 01 02 04 03 -9 03 04 03 01 01 01 03 01 01 02 02 03 02 04 03
FLAL01	2	04 01 02 04 04 -9 02 01 04 01 03 04 03 03 -9 01 02 04 03 -9 03 04 03 01 01 01 03 01 01 02 02 03 02 04 03
FLAL01II	2	04 01 02 04 -9 -9 -9 01 04 -9 03 -9 03 03 02 01 -9 04 -9 03 03 04 03 01 01 01 03 01 01 02 02 03 -9 -9 03
FLAL01II	2	04 01 02 04 -9 -9 -9 01 04 -9 03 -9 03 03 02 01 -9 04 -9 03 03 04 03 01 01 01 03 01 01 02 02 03 -9 -9 03
FLAL02	2	04 01 02 04 04 -9 02 01 04 01 03 04 03 03 -9 01 02 04 03 03 03 04 03 01 01 01 03 01 01 02 02 03 02 -9 03
FLAL02	2	04 01 02 04 04 -9 02 01 04 01 03 04 03 03 -9 01 02 04 03 03 03 04 03 01 01 01 03 01 01 02 02 03 02 -9 03
FLAL02II	2	-9 01 02 04 04 04 -9 01 04 01 03 04 03 03 02 01 02 04 03 -9 03 04 03 01 01 01 03 01 01 02 02 03 -9 04 03
FLAL02II	2	-9 01 02 04 04 04 -9 01 04 01 03 04 03 03 02 01 02 04 03 -9 03 04 03 01 01 01 03 01 01 02 02 03 -9 04 03
FLAL03	2	-9 01 02 04 04 -9 -9 01 04 01 03 04 03 03 02 01 -9 04 03 03 03 04 03 01 01 01 03 01 01 02 02 03 -9 04 03
FLAL03	2	-9 01 02 04 04 -9 -9 01 04 01 03 04 03 03 02 01 -9 04 03 03 03 04 03 01 01 01 03 01 01 02 02 03 -9 04 03
FLAL04	2	04 01 02 04 04 04 02 01 04 01 03 04 03 03 02 01 02 04 -9 03 03 04 03 01 01 -9 03 01 01 02 02 03 02 04 03
FLAL04	2	04 01 02 04 04 04 02 01 04 01 03 04 03 03 02 01 02 04 -9 03 03 04 03 01 01 -9 03 01 01 02 02 03 02 04 03
FLAL04II	2	04 01 02 04 04 04 02 01 04 01 03 04 03 03 02 01 02 04 -9 03 03 04 03 01 01 -9 03 01 01 02 02 03 02 04 03
FLAL04II	2	04 01 02 04 04 04 02 01 04 01 03 04 03 03 02 01 02 04 -9 03 03 04 03 01 01 -9 03 01 01 02 02 03 02 04 03
FLF17	2	04 01 02 04 04 -9 02 01 04 01 03 04 03 03 02 01 02 04 03 03 03 04 03 01 01 01 03 01 01 -9 02 03 -9 04 03
FLF17	2	04 01 02 04 04 -9 02 01 04 01 03 04 03 03 02 01 02 04 03 03 03 04 03 01 01 01 03 01 01 -9 02 03 -9 04 03
FLM10	2	04 01 02 04 04 -9 02 01 04 01 03 04 03 03 02 01 02 04 03 03 03 04 03 01 01 01 03 01 01 02 02 03 02 04 03
FLM10	2	04 01 02 04 04 -9 02 01 04 01 03 04 03 03 02 01 02 04 03 03 03 04 03 01 01 01 03 01 01 02 04 03 02 04 03
FLM12	2	04 01 02 04 04 -9 02 01 04 01 03 04 03 03 02 01 02 04 03 03 03 04 03 01 01 01 03 01 01 02 02 03 02 04 03
FLM12	2	04 01 02 04 04 -9 02 01 04 01 03 04 03 03 02 01 02 04 03 03 03 04 03 01 01 01 03 01 01 02 02 03 02 04 03
FLM13	2	04 01 02 04 04 -9 02 01 04 01 03 04 03 03 02 01 02 04 03 03 03 04 03 01 01 01 03 01 01 02 02 03 02 04 03
FLM13	2	04 01 02 04 04 -9 02 01 04 01 03 04 03 03 02 01 02 04 03 03 03 04 03 01 01 01 03 01 01 02 02 03 02 04 03
FLM15	2	04 01 02 04 04 -9 02 01 04 01 03 04 03 03 02 01 02 04 03 03 03 04 03 01 01 01 03 01 01 02 02 03 02 04 03
FLM15	2	04 01 02 04 04 -9 02 01 04 01 03 04 03 03 02 01 02 04 03 03 03 04 03 01 01 01 03 01 01 02 02 03 02 04 03
MATT01	3	02 04 04 02 02 04 04 03 02 04 01 02 03 01 02 03 04 04 -9 03 01 02 01 01 01 01 02 02 01 02 02 01 03 02 -9
MATT01	3	02 04 04 02 02 04 04 03 02 04 01 02 03 01 02 03 04 04 -9 03 01 02 01 01 02 01 02 02 01 02 04 01 03 02 -9
MATT02	3	02 04 04 02 02 04 04 03 02 04 01 02 03 01 02 03 04 04 01 03 01 02 01 01 01 01 02 02 01 02 02 01 03 02 03
MATT02	3	02 04 04 02 02 04 04 03 02 04 01 02 03 01 02 03 04 04 01 03 01 02 01 01 01 01 02 02 01 02 02 01 03 02 03
MATT03	3	02 04 04 02 02 04 04 03 02 04 01 02 03 01 02 03 04 04 01 03 01 02 01 01 01 01 03 02 01 02 02 01 03 02 03
MATT03	3	02 04 04 02 02 04 04 03 02 04 01 02 03 03 02 03 04 04 01 03 01 02 03 01 01 01 02 02 01 02 02 03 03 02 03
MATT04	3	02 04 04 02 02 04 04 03 02 04 01 02 03 01 02 03 04 04 01 03 01 02 01 01 01 01 02 02 01 02 02 01 03 02 03
MATT04	3	02 04 04 02 02 04 04 03 02 04 01 02 03 01 02 03 04 04 01 03 01 02 01 01 01 01 02 02 01 02 02 03 03 02 03
MATT05	3	02 04 04 02 02 04 04 03 02 04 01 02 03 01 02 03 04 04 01 03 01 02 01 01 01 01 03 02 01 02 02 01 03 02 -9
MATT05	3	02 04 04 02 02 04 04 03 02 04 01 02 03 01 02 03 04 04 01 03 03 02 01 01 01 01 02 02 01 02 02 01 03 02 -9
MATT06	3	02 04 04 02 02 -9 -9 03 02 04 01 02 03 01 02 03 -9 04 01 03 01 02 01 01 01 01 02 02 01 01 02 01 03 02 03
MATT06	3	02 04 04 02 02 -9 -9 03 02 04 01 02 03 01 02 03 -9 04 01 03 01 02 01 01 01 01 02 02 01 02 02 01 03 02 03
MATT07	3	02 04 04 02 02 04 04 03 02 04 01 02 03 01 02 03 04 04 01 03 01 02 01 01 01 01 02 02 01 02 02 01 03 02 03
MATT07	3	02 04 04 02 02 04 04 03 02 04 01 02 03 01 02 03 04 04 01 03 01 02 01 02 01 01 02 02 01 02 04 01 03 02 03
MATT08	3	-9 04 04 02 02 -9 04 03 02 04 01 02 03 01 02 03 04 04 01 03 01 02 01 01 01 -9 02 02 01 02 02 01 03 02 03
MATT08	3	-9 04 04 02 02 -9 04 03 02 04 01 02 03 01 02 03 04 04 01 03 01 02 01 01 01 -9 02 02 01 02 02 01 03 02 03
MATT09	3	02 04 04 02 02 04 04 03 02 04 01 02 03 01 02 03 04 -9 01 03 01 02 01 01 01 -9 02 02 01 02 02 01 03 02 03
MATT09	3	02 04 04 02 02 04 04 03 02 04 01 02 03 01 02 03 04 -9 01 03 01 02 01 01 01 -9 02 02 01 02 02 03 03 02 03
MATT10	3	02 04 04 02 02 04 04 03 02 04 01 02 03 01 02 03 04 04 01 03 01 02 01 01 01 01 02 02 01 02 02 01 03 02 -9
MATT10	3	02 04 04 02 02 04 04 03 02 04 01 02 03 01 02 03 04 04 01 03 01 02 01 01 01 01 02 02 01 02 02 01 03 02 -9
Mill17	3	-9 04 04 02 02 04 04 03 02 04 -9 02 03 01 02 03 -9 04 01 03 01 -9 01 01 01 01 -9 02 01 02 -9 01 03 02 03
Mill17	3	-9 04 04 02 02 04 04 03 02 04 -9 02 03 03 02 03 -9 04 01 03 01 -9 03 01 01 01 -9 02 01 02 -9 03 03 02 03
Mill18	3	02 04 04 02 02 -9 04 03 02 04 -9 02 03 01 02 03 04 -9 01 03 01 02 01 01 01 01 02 02 01 02 02 01 03 02 03
Mill18	3	02 04 04 04 02 -9 04 03 02 04 -9 02 03 01 02 03 04 -9 01 04 01 02 01 01 01 01 02 02 01 02 02 01 03 02 03
Mill22	3	02 04 04 02 02 -9 -9 03 02 04 01 02 03 01 -9 03 04 04 01 03 01 02 01 01 01 01 02 02 01 01 02 01 -9 02 03
Mill22	3	02 04 04 02 02 -9 -9 03 02 04 01 02 03 01 -9 03 04 04 01 03 01 02 01 01 01 01 02 02 01 02 02 01 -9 02 03
NB07	3	02 04 04 02 02 04 04 03 02 04 01 02 03 01 02 03 04 04 01 03 01 02 01 01 01 01 02 02 01 02 02 01 03 02 03
NB07	3	02 04 04 02 02 04 04 03 02 04 01 02 03 03 02 03 04 04 01 03 01 02 01 01 01 01 02 02 01 02 02 01 03 04 03
NB11	3	02 04 04 02 02 04 04 03 02 04 01 02 03 01 02 03 04 04 01 03 01 02 01 01 01 01 02 02 01 02 02 01 03 02 03
NB11	3	02 04 04 02 04 04 04 03 02 04 01 02 03 01 02 03 04 04 01 03 01 02 01 01 01 01 02 02 01 02 02 01 03 02 03
NB12	3	02 04 04 02 02 04 04 03 02 04 01 02 03 01 02 03 04 04 01 03 01 02 01 01 01 01 02 02 01 02 02 01 03 02 03
NB12	3	02 04 04 02 02 04 04 03 02 04 01 02 03 01 02 03 04 04 01 03 01 02 01 01 01 01 02 02 01 02 02 01 03 02 03
NB13	3	02 04 04 02 02 -9 04 03 02 04 01 02 03 01 02 03 04 04 01 03 01 02 01 01 01 -9 02 02 01 02 02 01 03 02 -9
NB13	3	02 04 04 02 02 -9 04 03 02 04 01 02 03 01 02 03 04 04 01 03 01 02 01 01 01 -9 02 02 01 02 02 01 03 02 -9
NB19	3	02 04 04 02 02 04 04 03 02 04 01 02 03 01 02 03 04 04 01 03 01 02 01 01 01 01 02 02 01 02 02 01 -9 02 03
NB19	3	02 04 04 02 02 04 04 03 02 04 01 02 03 03 02 03 04 04 01 03 01 02 01 01 01 01 02 02 01 02 04 01 -9 02 03
NBM01	3	02 04 04 02 02 04 04 03 02 04 01 -9 03 01 02 03 04 04 01 03 01 02 01 01 01 01 02 02 01 02 02 01 03 02 03
NBM01	3	02 04 04 02 02 04 04 03 02 04 01 -9 03 01 02 03 04 04 01 03 01 02 01 01 02 01 02 02 01 02 02 01 03 02 03
Otter12	3	02 04 04 02 02 04 04 03 02 04 -9 02 03 01 -9 03 04 04 01 03 01 02 01 01 01 01 02 02 01 02 02 01 03 02 03
Otter12	3	02 04 04 02 04 04 04 03 02 04 -9 02 03 03 -9 03 04 04 01 03 01 02 01 01 02 01 02 02 01 02 02 01 03 02 03
Otter13	3	02 04 04 02 02 04 04 03 02 04 01 02 03 01 02 03 -9 04 01 03 01 02 01 01 01 01 -9 02 01 02 02 01 03 02 03
Otter13	3	02 04 04 02 02 04 04 03 02 04 01 02 03 01 02 03 -9 04 01 03 01 02 01 01 01 01 -9 02 01 02 04 01 03 02 03
Otter16	3	02 04 04 02 02 04 04 03 02 04 01 02 03 01 02 03 04 04 01 03 01 02 01 01 01 01 02 02 01 02 02 01 03 02 03
Otter16	3	02 04 04 02 02 04 04 03 02 04 01 02 03 01 02 03 04 04 01 04 01 02 01 01 01 01 02 02 01 02 02 01 03 02 03
Otter17	3	02 04 04 02 02 04 04 03 02 04 01 -9 03 01 02 03 04 04 01 03 01 02 01 01 01 01 02 02 01 02 02 01 03 02 03
Otter17	3	02 04 04 02 02 04 04 03 02 04 01 -9 03 01 02 03 04 04 01 03 01 02 01 01 01 01 02 02 01 02 02 01 03 02 03
Otter19	3	02 04 04 02 02 04 04 03 02 04 01 02 03 01 02 03 -9 04 01 03 01 02 01 01 01 01 02 02 01 02 02 01 03 02 03
Otter19	3	02 04 04 02 02 04 04 03 02 04 01 02 03 01 02 03 -9 04 01 03 01 02 01 01 01 01 02 02 04 02 02 01 03 02 03
Otter21	3	02 04 04 02 02 04 04 03 02 04 -9 02 03 01 02 03 04 04 01 03 01 02 01 01 01 01 02 02 01 02 02 01 03 02 03
Otter21	3	02 04 04 02 02 04 04 03 02 04 -9 02 03 01 02 03 04 04 01 03 01 02 01 01 01 01 02 02 01 02 04 01 03 02 03
Otter23	3	02 04 04 02 02 04 -9 03 02 04 01 02 03 01 02 03 04 04 01 03 01 02 01 01 01 01 02 02 01 02 02 01 03 02 03
Otter23	3	02 04 04 02 02 04 -9 03 02 04 01 02 03 01 02 03 04 04 01 03 01 02 01 01 01 01 02 02 01 02 04 01 03 04 03
Otter4	3	02 04 04 02 02 04 04 03 02 04 01 02 03 01 02 03 04 04 01 03 01 02 01 01 01 01 03 02 01 01 02 01 -9 02 03
Otter4	3	02 04 04 02 02 04 04 03 02 04 01 02 03 01 02 03 04 04 01 03 03 02 01 01 01 01 02 02 01 02 02 01 -9 02 03
Otter5	3	02 04 04 02 02 04 04 03 02 04 01 02 03 01 02 03 04 04 01 03 01 02 01 01 01 01 02 02 01 02 02 01 03 02 03
Otter5	3	02 04 04 02 02 04 04 03 02 04 01 02 03 01 02 03 04 04 01 03 03 02 01 01 01 01 02 02 01 02 02 01 03 02 03
Otter6	3	02 04 04 02 02 -9 04 03 02 04 01 02 03 01 02 03 04 04 01 03 01 02 01 01 01 01 02 01 01 02 02 01 03 02 03
Otter6	3	02 04 04 02 02 -9 04 03 02 04 01 02 03 01 02 03 04 04 01 03 01 02 01 02 01 01 02 02 01 02 02 01 03 02 03
REELF15612	3	02 04 04 02 02 04 04 03 02 04 01 02 03 01 02 03 04 04 01 03 01 02 01 01 01 01 02 02 01 01 02 01 03 02 03
REELF15612	3	02 04 04 02 02 04 04 03 02 04 01 02 03 01 02 03 04 04 01 03 01 02 01 01 01 01 02 02 01 02 02 01 03 02 03
REELF15732	3	02 04 04 02 02 04 04 03 02 04 -9 02 03 01 02 03 04 02 01 03 01 02 01 01 01 01 02 02 01 02 02 01 03 02 03
REELF15732	3	02 04 04 02 02 04 04 03 02 04 -9 02 03 03 02 03 04 04 01 03 01 02 01 02 01 01 02 02 01 02 02 01 03 02 03
REELF15745	3	02 04 04 02 02 04 04 03 02 04 01 02 03 01 02 03 04 04 01 03 01 02 01 01 01 01 02 02 01 02 02 01 03 02 03
REELF15745	3	02 04 04 02 02 04 04 03 02 04 01 02 03 01 02 03 04 04 01 03 01 02 01 01 01 01 02 02 01 02 02 01 03 02 03
REELF15775	3	02 04 04 02 02 04 -9 03 02 04 -9 02 03 01 02 03 04 04 01 03 01 02 01 01 01 01 02 02 01 01 02 01 03 02 03
REELF15775	3	02 04 04 02 04 04 -9 03 02 04 -9 02 03 01 02 03 04 04 01 03 01 02 01 02 01 01 02 02 01 02 02 01 03 02 03
SL04	3	02 04 04 02 02 -9 -9 03 02 04 01 -9 03 01 02 03 04 04 01 03 01 02 01 01 01 01 02 02 01 02 02 -9 -9 -9 -9
SL04	3	02 04 04 02 02 -9 -9 03 02 04 01 -9 03 01 02 03 04 04 01 03 01 02 01 01 01 01 02 02 01 02 02 -9 -9 -9 -9
SL10	3	02 04 04 02 02 -9 04 03 02 04 01 02 03 01 -9 03 04 04 01 03 01 02 01 01 01 01 02 02 01 02 02 01 03 02 03
SL10	3	02 04 04 02 02 -9 04 03 02 04 01 02 03 01 -9 03 04 04 01 03 01 02 01 01 01 01 02 02 01 02 02 01 03 02 03
SL11	3	02 04 04 02 02 -9 04 03 02 04 01 02 03 01 02 03 04 04 01 03 01 02 01 01 01 01 02 02 01 02 02 01 03 02 03
SL11	3	02 04 04 02 02 -9 04 03 02 04 01 02 03 01 02 03 04 04 01 03 01 02 01 01 01 01 02 02 01 02 02 01 03 02 03
SL14	3	02 04 04 02 02 04 04 03 02 04 01 02 03 01 02 03 04 04 01 03 01 02 01 01 01 01 02 02 01 02 02 01 03 02 03
SL14	3	02 04 04 02 02 04 04 03 02 04 01 02 03 01 02 03 04 04 01 03 01 02 01 01 01 01 02 02 01 02 02 01 03 02 03
SL15	3	02 04 04 02 02 04 -9 03 02 04 -9 02 03 01 02 03 04 04 01 03 01 02 01 01 01 01 02 02 01 02 02 01 03 02 03
SL15	3	02 04 04 02 02 04 -9 03 02 04 -9 02 03 01 02 03 04 04 01 03 01 02 01 01 01 01 02 02 01 02 02 01 03 02 03
SL16	3	02 04 04 02 02 -9 04 03 02 04 01 -9 03 01 02 03 04 04 01 03 01 02 01 01 01 01 02 02 01 01 02 01 03 02 -9
SL16	3	02 04 04 02 02 -9 04 03 02 04 01 -9 03 01 02 03 04 04 01 03 01 02 01 01 01 01 02 02 01 02 02 01 03 02 -9
SL19	3	02 04 04 02 02 -9 04 03 02 04 01 02 03 01 02 03 04 04 01 03 01 02 01 01 01 01 02 02 01 02 02 01 03 02 -9
SL19	3	02 04 04 02 02 -9 04 03 02 04 01 02 03 01 04 03 04 04 01 03 01 02 01 01 01 01 02 02 01 02 02 01 03 02 -9
SL2	3	02 04 04 02 02 04 04 03 02 04 01 -9 03 01 02 03 04 04 -9 03 01 02 01 01 01 01 02 02 01 02 02 01 03 02 03
SL2	3	02 04 04 02 02 04 04 03 02 04 01 -9 03 01 02 03 04 04 -9 03 01 02 01 01 01 01 02 02 01 02 02 01 03 02 03
SL8	3	02 -9 04 02 02 -9 04 03 02 04 -9 -9 03 01 02 03 04 04 01 03 01 02 01 01 01 01 02 02 01 02 -9 01 03 02 -9
SL8	3	02 -9 04 02 02 -9 04 03 04 04 -9 -9 03 01 02 03 04 04 01 03 01 02 01 01 01 01 02 02 01 02 -9 01 03 02 -9
ALL02	4	04 01 04 02 02 03 02 03 02 01 01 -9 01 01 04 01 02 04 01 04 01 02 01 01 01 01 03 01 01 02 02 03 03 04 01
ALL02	4	04 01 04 02 04 03 04 03 02 04 01 -9 03 03 04 03 02 04 01 04 03 02 01 01 01 01 03 02 04 02 04 03 02 04 03
ALL03	4	04 01 04 04 04 -9 -9 03 02 04 01 -9 -9 03 04 03 02 04 -9 04 01 02 03 -9 02 -9 02 01 01 02 02 -9 -9 04 -9
ALL03	4	04 01 04 04 04 -9 -9 03 02 04 01 -9 -9 03 04 03 02 04 -9 04 01 04 03 -9 02 -9 02 01 04 02 02 -9 -9 04 -9
ALL04	4	02 04 02 02 02 03 02 03 02 04 01 02 01 01 02 03 04 04 01 03 01 02 01 01 01 01 03 01 04 01 02 01 02 02 03
ALL04	4	04 04 04 04 04 04 04 03 02 04 01 02 03 03 02 03 04 04 01 03 03 02 03 01 01 03 03 01 04 02 04 03 02 04 03
ALL05	4	02 01 02 02 04 03 02 03 02 04 01 02 01 03 04 01 04 04 01 03 01 02 01 01 01 01 03 01 01 01 02 03 03 02 03
ALL05	4	04 04 04 02 04 03 04 03 04 04 03 02 03 03 04 03 04 04 01 03 03 02 03 01 02 01 03 01 01 02 02 03 03 04 03
ALL06	4	04 04 04 04 02 03 04 03 02 04 01 02 01 01 -9 01 -9 04 03 04 01 02 01 01 01 01 02 01 01 01 02 03 03 02 01
ALL06	4	04 04 04 04 04 03 04 03 04 04 01 02 01 03 -9 03 -9 04 03 04 01 04 03 02 01 01 02 01 01 01 02 03 03 02 01
ALL11	4	02 01 02 02 04 03 02 03 02 01 01 02 03 01 02 01 04 02 01 04 03 04 03 02 01 01 03 01 01 01 02 03 03 02 03
ALL11	4	04 04 02 04 04 03 02 03 02 04 01 02 03 03 02 03 04 04 01 04 03 04 03 02 02 03 03 01 04 01 02 03 02 04 03
ALL12	4	04 01 04 02 02 04 04 01 02 04 01 04 01 03 02 01 02 04 01 03 01 02 01 01 01 01 02 01 01 01 02 03 03 02 03
ALL12	4	04 04 04 02 04 04 04 01 02 04 01 04 03 03 04 01 04 04 01 04 01 04 01 01 01 01 02 01 01 01 04 03 02 04 03
ALLATOONA01	4	02 04 02 02 04 03 02 01 02 01 03 02 01 01 04 01 02 04 01 04 01 02 01 01 01 01 03 01 01 01 02 03 02 02 03
ALLATOONA01	4	02 04 04 02 04 03 04 03 02 04 03 04 01 03 04 03 04 04 01 04 03 02 03 02 02 01 02 01 04 02 04 03 02 04 03
ALLATOONA10	4	02 04 02 02 04 03 02 03 02 04 01 02 03 01 02 01 02 02 01 04 03 02 03 01 01 03 03 01 01 01 02 03 02 04 03
ALLATOONA10	4	02 04 02 02 04 03 02 03 02 04 01 02 03 03 02 03 04 04 01 04 03 04 03 02 02 03 02 01 04 01 04 03 02 04 03
GU36	4	02 01 02 02 02 03 02 03 02 04 03 02 03 01 02 01 04 04 01 03 01 02 03 01 01 -9 02 01 01 01 02 01 02 02 03
GU36	4	02 04 04 02 04 03 04 03 02 04 03 02 03 03 02 03 04 04 01 04 03 02 03 02 01 -9 02 01 01 02 02 03 02 04 03
GU42	4	02 01 02 02 02 04 02 01 02 01 01 02 03 01 02 01 02 04 01 03 01 02 01 01 01 01 03 01 01 02 04 01 03 04 03
GU42	4	04 04 04 04 04 04 04 03 04 04 03 04 03 03 02 03 04 04 03 03 03 04 01 01 01 01 02 01 01 02 04 03 02 04 03
GU45	4	02 04 04 02 02 03 04 03 02 04 01 02 03 01 02 03 -9 02 01 03 01 02 03 01 01 03 03 01 01 02 02 03 02 04 01
GU45	4	04 04 04 02 02 04 04 03 02 04 01 02 03 03 02 03 -9 02 01 04 03 04 03 02 01 03 02 02 01 02 04 03 02 04 03
GU46	4	02 04 04 02 02 04 04 01 02 01 01 02 01 01 02 03 04 04 01 03 01 02 01 01 01 01 02 01 01 01 02 03 03 02 03
GU46	4	04 04 04 02 04 04 04 03 02 04 01 04 01 03 04 03 04 04 01 04 03 02 03 02 02 01 02 01 01 01 04 03 02 02 03
GU51	4	02 01 02 02 02 04 02 03 02 01 01 02 03 03 02 03 02 02 01 03 03 02 01 01 01 01 03 01 01 02 02 03 03 02 03
GU51	4	04 04 04 02 02 04 04 03 04 04 03 02 03 03 02 03 04 04 03 03 03 02 01 02 01 01 02 02 04 02 04 03 03 04 03
GU55	4	02 01 02 04 02 03 02 01 02 04 01 02 03 01 02 01 02 04 01 03 03 02 01 01 01 01 03 01 01 02 02 01 02 04 03
GU55	4	04 04 04 04 04 03 04 03 02 04 01 04 03 03 02 01 02 04 03 04 03 04 01 02 02 01 02 01 01 02 04 01 02 04 03
GU56	4	02 01 02 02 02 -9 02 03 02 01 01 02 01 03 02 03 02 04 01 03 01 02 03 01 01 01 03 01 01 02 02 01 02 04 01
GU56	4	04 04 04 04 04 -9 04 03 04 04 03 04 03 03 04 03 04 04 03 03 03 04 03 01 01 01 02 01 04 02 02 03 02 04 03
GU57	4	-9 01 02 02 04 04 02 01 02 01 03 02 03 01 02 01 02 02 01 03 01 02 03 01 01 01 03 01 01 02 02 01 02 02 03
GU57	4	-9 01 04 04 04 04 04 03 04 01 03 04 03 03 02 03 04 04 03 03 03 04 03 02 01 01 02 01 01 02 02 03 02 04 03
GU58	4	02 04 02 02 02 04 02 01 02 04 01 02 03 03 02 01 02 04 01 03 03 02 03 02 01 01 03 01 01 02 02 01 03 -9 01
GU58	4	02 04 04 02 02 04 04 03 02 04 01 02 03 03 02 03 04 04 03 03 03 02 03 02 01 01 03 01 04 02 02 01 03 -9 01
GU61	4	02 01 04 02 04 03 04 01 04 01 01 02 03 01 02 03 04 02 01 04 01 02 03 02 01 01 02 01 01 -9 -9 01 03 02 03
GU61	4	02 04 04 02 04 03 04 03 04 04 03 02 03 01 02 03 04 02 01 04 03 04 03 02 02 01 02 02 04 -9 -9 03 03 04 03
LA006	4	02 01 02 02 04 03 02 03 02 01 01 02 -9 01 04 -9 -9 -9 01 04 03 04 03 01 02 01 03 -9 04 -9 -9 03 02 -9 -9
LA006	4	04 04 02 04 04 03 02 03 02 01 01 02 -9 03 04 -9 -9 -9 01 04 03 04 03 02 02 01 03 -9 04 -9 -9 03 02 -9 -9
LA015	4	02 04 02 02 02 03 02 03 02 04 01 02 01 03 04 03 04 02 01 03 01 02 03 02 02 01 03 01 04 01 04 03 02 04 01
LA015	4	02 04 04 02 04 03 04 03 02 04 01 02 01 03 04 03 04 02 01 04 03 02 03 02 02 03 03 01 04 01 04 03 02 04 01
LA030	4	02 01 02 02 04 03 02 01 02 01 01 02 01 03 02 03 02 02 01 04 03 02 03 01 01 01 03 01 01 01 02 03 02 04 03
LA030	4	04 04 02 04 04 03 02 03 04 04 03 04 03 03 02 03 04 04 03 04 03 04 03 02 01 01 03 02 04 02 04 03 02 04 03
LA032	4	02 04 02 02 04 -9 02 03 02 04 01 02 01 03 04 03 04 02 01 04 03 02 03 01 02 01 03 01 04 01 02 01 02 04 03
LA032	4	02 04 02 02 04 -9 02 03 02 04 01 02 01 03 04 03 04 02 01 04 03 02 03 02 02 01 03 01 04 01 02 03 02 04 03
LA033	4	02 01 02 02 04 03 02 01 02 01 01 02 01 03 02 01 02 02 01 04 03 02 03 01 01 01 03 01 01 01 02 03 02 04 01
LA033	4	04 04 02 04 04 04 02 03 04 04 03 04 03 03 04 03 04 04 03 04 03 04 03 02 02 01 03 01 04 01 04 03 02 04 03
LA034	4	04 01 02 04 04 04 02 01 02 01 03 04 03 01 02 01 02 04 03 -9 03 04 03 01 01 01 03 01 01 02 02 01 02 04 03
LA034	4	04 01 02 04 04 04 02 01 04 01 03 04 03 03 02 01 02 04 03 -9 03 04 03 02 01 01 02 01 01 02 02 03 02 04 03
LA10014	4	02 04 02 02 04 -9 02 03 02 04 01 02 01 03 04 03 04 02 01 04 03 02 03 02 01 01 -9 01 04 01 04 03 02 -9 01
LA10014	4	02 04 02 02 04 -9 02 03 02 04 01 02 01 03 04 03 04 04 01 04 03 02 03 02 02 03 -9 01 04 01 04 03 02 -9 01
LA1136	4	02 04 02 02 04 03 02 03 02 04 01 02 01 03 04 03 02 02 01 04 03 02 03 02 01 01 03 01 01 01 04 03 02 04 01
LA1136	4	04 04 02 04 04 03 02 03 04 04 01 02 01 03 04 03 04 02 03 04 03 02 03 02 02 03 03 01 04 01 04 03 02 04 03
LA1139	4	02 04 02 04 04 03 02 01 02 04 01 02 01 03 04 01 04 04 01 04 03 02 -9 01 01 01 03 01 01 01 02 03 02 04 01
LA1139	4	04 04 02 04 04 04 02 03 04 04 01 04 03 03 04 03 04 04 01 04 03 04 -9 01 02 01 03 01 04 02 04 03 02 04 01
LAMAR2	4	02 04 02 02 04 03 04 01 02 01 01 02 01 01 04 03 04 02 01 04 01 02 01 01 02 01 03 01 04 01 04 01 03 02 01
LAMAR2	4	04 04 04 02 04 03 04 03 04 04 01 02 03 03 04 03 04 04 01 04 01 02 01 02 02 03 02 02 04 02 04 03 03 04 03
LE04	4	04 01 02 02 02 03 02 03 02 04 01 02 01 01 02 01 04 04 01 03 01 02 03 01 01 01 03 01 04 01 02 01 02 04 03
LE04	4	04 04 04 04 04 04 04 03 04 04 03 02 03 03 02 01 04 04 01 04 03 04 03 01 02 01 03 01 04 02 02 03 02 04 03
LE05	4	02 01 02 04 02 03 02 03 02 01 01 02 01 03 02 01 02 04 01 03 03 04 03 01 01 01 03 01 01 01 02 03 02 02 01
LE05	4	04 01 02 04 04 03 02 03 02 04 03 02 03 03 04 03 04 04 03 04 03 04 03 02 01 01 02 01 01 02 04 03 02 02 01
LE10	4	02 01 02 04 04 03 02 01 02 01 01 02 03 03 02 01 02 02 03 03 03 02 03 01 01 01 03 01 01 01 02 03 02 04 03
LE10	4	04 04 02 04 04 04 02 01 02 04 03 04 03 03 02 01 02 04 03 04 03 02 03 02 01 03 03 01 04 02 02 03 02 04 03
LE21	4	04 01 02 04 04 -9 02 01 02 01 01 04 03 03 02 01 02 04 01 03 01 04 03 02 01 01 03 01 01 01 02 03 02 04 03
LE21	4	04 04 04 04 04 -9 04 03 02 04 03 04 03 03 02 03 02 04 03 03 03 04 03 02 02 01 03 01 04 02 04 03 02 04 03
LE23	4	02 01 02 02 02 03 02 01 02 04 01 02 01 03 02 01 04 02 01 03 03 02 03 01 01 01 03 01 04 02 02 03 02 04 03
LE23	4	04 01 02 04 02 03 02 03 02 04 03 04 03 03 02 01 04 04 03 04 03 04 03 01 01 03 03 01 04 02 02 03 02 04 03
LHARD32	4	02 04 02 02 04 03 02 01 02 04 01 02 01 03 04 01 02 02 01 04 03 02 03 01 01 01 03 01 04 01 04 03 03 04 03
LHARD32	4	04 04 02 04 04 03 02 03 02 04 03 04 03 03 04 01 02 02 03 04 03 02 03 02 02 03 03 01 04 01 04 03 02 04 03
LHARD33	4	04 04 02 02 04 03 02 03 02 04 01 04 03 03 02 01 04 02 01 03 03 02 03 01 01 01 03 01 01 01 02 01 03 04 03
LHARD33	4	04 04 02 04 04 03 04 03 02 04 01 04 03 03 02 03 04 04 03 04 03 04 03 01 02 03 02 02 01 01 02 03 03 04 03
LHARD34	4	04 01 02 02 04 04 02 01 02 01 01 02 01 03 04 01 02 02 01 03 01 02 03 02 01 01 03 01 01 01 02 03 03 04 03
LHARD34	4	04 04 04 04 04 04 02 03 04 01 03 04 03 03 04 03 04 02 03 04 03 04 03 02 02 03 03 01 04 02 04 03 03 04 03
LHARD35	4	02 04 02 02 04 03 02 01 02 01 03 02 01 01 02 01 02 04 01 03 03 02 03 01 01 01 03 01 01 02 02 01 02 04 03
LHARD35	4	02 04 02 02 04 03 02 03 02 04 03 04 03 03 04 01 02 04 03 03 03 04 03 01 01 01 03 01 01 02 04 01 02 04 03
LHARD36	4	04 01 02 02 04 03 02 01 02 01 01 02 01 03 02 03 02 02 01 03 03 02 03 01 01 01 03 01 01 02 02 03 02 04 01
LHARD36	4	04 01 02 04 04 03 02 01 04 04 01 04 03 03 04 03 04 04 03 04 03 04 03 02 02 03 03 02 04 02 04 03 02 04 03
RM09	4	02 04 04 02 02 04 04 01 02 04 01 04 01 01 02 01 02 02 01 03 01 02 01 01 02 01 03 01 01 01 02 01 02 02 03
RM09	4	04 04 04 02 04 04 04 03 02 04 01 04 03 03 02 03 02 04 03 04 01 04 03 02 02 01 03 01 01 02 02 01 02 04 03
RM1	4	02 01 02 02 02 03 02 01 02 01 01 02 03 01 02 01 02 02 01 03 03 04 01 01 02 01 03 01 01 01 02 03 02 04 03
RM1	4	04 04 02 04 04 03 02 03 02 04 03 02 03 03 02 01 04 04 03 04 03 04 03 02 02 01 03 01 04 02 02 03 02 04 03
RM11	4	02 01 02 02 02 03 02 01 02 01 01 02 01 01 02 01 02 04 01 03 03 02 03 01 01 01 03 01 01 01 02 03 03 04 01
RM11	4	02 01 02 02 04 03 02 01 02 01 03 02 03 03 02 03 02 04 03 03 03 02 03 01 02 03 02 01 01 02 02 03 02 04 03
RM12	4	04 04 02 02 02 03 02 01 02 04 01 02 01 01 02 01 02 02 01 03 01 02 03 01 02 01 03 01 01 01 02 01 02 02 03
RM12	4	04 04 04 04 02 03 04 03 02 04 01 04 01 03 02 03 04 04 03 03 03 02 03 02 02 01 03 01 01 02 04 03 02 04 03
RM13	4	04 01 04 02 02 03 04 01 02 01 01 02 03 03 02 03 02 02 01 03 01 02 03 01 01 01 03 01 01 01 02 01 02 02 01
RM13	4	04 04 04 04 04 03 04 01 04 04 03 02 03 03 04 03 02 02 03 03 01 04 03 01 02 01 03 01 01 02 02 03 02 04 03
