	S430_9469 S8469_471 S32753_1967 S52769_354 S99619_3450 S99619_3571 S100147_891 S100719_2688 S102451_1399 S104706_3388 S105572_6176 S107369_732 S109191_3630 S112946_708 S114182_4190 S114449_8360 S118918_6674 S123487_1200 S124025_7744 S129423_645 S136019_5340 S136348_5427 S136488_9818 S140623_1619 S163148_18324 S166452_2272 S180306_57654 S180648_6196 S181058_23115 S181058_36271 S181378_4851 S181737_18202 S182653_4917 S182808_1302 S182959_5565 S183191_11001 S184380_10942 S185404_1419 S185404_5390 S186192_4255 S186311_8177 S187143_2162 S187181_9218 S187648_12978 S188677_34142 S189210_14063 S189750_9269 S190312_5718 S191734_1754 S196604_701 S199861_9642 S200240_11026 S202446_6021 S202832_43092 S207634_2426 S207634_2517 S207634_17698 S208276_5423 S208465_12177 S208804_5346 S209955_2523 S211090_8487 S217421_47625 S217501_6893 S218111_7073 S218243_5212 S218278_5667 S218397_15780 S218590_4959 S218849_10730 S218970_12018 S219104_1353 S219140_3055 S220350_2113 S222530_19901 S224002_13059 S224659_27116 S224844_223 S224868_5034 S225476_1979 S226211_2010 S226392_5398 S227196_32565 S227247_41361 S231670_17710 S234215_252 S237273_7901 S237688_7654 S238945_7657 S238952_15727 S239017_6468 S239443_2015 S240375_17441 S240863_1405 S242247_773 S244073_4996 S245143_2592 S248041_38150 S248754_1821 S249745_5995
CANOT11829	1	03 02 04 03 03 01 02 02 02 03 02 02 04 01 02 01 02 02 01 -9 04 04 04 03 -9 01 01 01 02 03 04 03 04 01 01 02 01 02 01 04 02 03 -9 03 01 03 03 03 01 03 02 01 01 01 01 02 03 03 01 01 03 01 02 01 03 02 02 04 02 01 01 02 04 -9 03 02 03 02 01 04 02 01 01 02 04 01 01 03 01 04 -9 01 01 -9 03 03 04 02 04 02
CANOT11829	1	03 02 04 03 03 01 02 02 02 03 02 02 04 01 02 01 02 02 03 -9 04 04 04 03 -9 01 01 01 02 03 04 03 04 01 01 02 01 02 01 04 02 03 -9 03 01 03 03 03 01 03 02 01 01 01 01 02 03 03 01 01 03 01 02 01 03 02 02 04 02 01 01 02 04 -9 03 02 03 02 01 04 02 01 01 02 04 01 01 03 01 04 -9 01 01 -9 03 03 04 02 04 02
CANOT11830	1	03 02 04 -9 03 01 02 02 02 03 02 02 04 01 02 01 02 02 03 04 04 04 04 03 02 01 01 01 02 03 04 03 04 01 01 02 01 02 01 04 02 03 03 03 01 03 03 03 01 03 02 01 01 01 01 02 03 03 01 01 03 01 02 01 03 02 02 04 02 01 01 02 04 03 03 02 03 02 01 04 02 01 01 02 04 01 01 03 01 04 04 01 01 02 03 03 04 02 04 02
CANOT11830	1	03 02 04 -9 03 01 02 02 02 03 02 02 04 01 02 01 02 02 03 04 04 04 04 03 02 01 01 01 02 03 04 03 04 01 01 02 01 02 01 04 02 03 03 03 01 03 03 03 01 03 02 03 01 01 01 02 03 03 01 01 03 01 02 01 03 02 02 04 02 03 01 02 04 03 03 02 03 02 01 04 02 01 01 02 04 01 01 03 01 04 04 01 01 02 03 03 04 02 04 02
CANOT11832	1	03 02 04 03 03 01 02 02 02 03 02 02 04 01 02 01 02 02 03 04 04 04 04 03 02 01 01 01 02 03 04 03 04 01 01 02 01 02 01 04 02 03 03 03 01 03 03 03 01 03 02 01 01 01 01 02 03 03 01 01 03 01 02 01 03 02 02 04 02 01 01 02 04 03 03 02 03 02 01 04 02 01 01 02 04 01 01 03 01 04 04 01 01 02 03 03 04 02 04 02
CANOT11832	1	03 02 04 03 03 01 02 02 02 03 02 02 04 01 02 01 02 02 03 04 04 04 04 03 02 01 01 01 02 03 04 03 04 01 01 02 01 02 01 04 02 03 03 03 01 03 03 03 01 03 02 01 01 01 01 02 03 03 01 01 03 01 02 01 03 02 02 04 02 01 01 02 04 03 03 02 03 02 01 04 02 01 01 02 04 01 01 03 01 04 04 01 01 02 03 03 04 02 04 02
CANOT11837	1	03 02 04 03 03 01 02 02 02 03 02 02 04 01 02 01 02 02 03 04 04 04 04 03 02 01 01 01 02 03 04 03 04 01 01 02 01 02 01 04 02 03 03 03 01 03 03 03 01 03 02 01 01 01 01 02 03 03 01 01 03 01 02 01 03 02 02 04 02 01 01 02 04 03 03 02 03 02 01 04 -9 01 01 02 04 01 01 03 01 04 -9 01 01 02 03 03 04 02 04 02
CANOT11837	1	03 02 04 03 03 01 02 02 02 03 02 02 04 01 02 01 02 02 03 04 04 04 04 03 02 01 01 01 02 03 04 03 04 01 01 02 01 02 01 04 02 03 03 03 01 03 03 03 01 03 02 01 01 01 01 02 03 03 01 01 03 01 02 01 03 02 02 04 02 01 01 02 04 03 03 02 03 02 01 04 -9 01 01 02 04 01 01 03 01 04 -9 01 01 02 03 03 04 02 04 02
CANOT11838	1	03 02 04 03 03 01 02 02 02 03 02 02 04 01 02 01 02 02 03 04 04 04 04 03 02 01 01 01 02 03 04 03 04 01 01 02 01 02 01 04 02 03 03 03 01 03 03 03 01 03 02 01 01 01 01 02 03 03 01 01 03 01 02 01 03 02 02 04 02 01 01 02 04 03 03 02 03 02 01 04 02 01 01 02 04 01 01 03 01 04 04 01 01 02 03 03 04 02 04 02
CANOT11838	1	03 02 04 03 03 01 02 02 02 03 02 02 04 01 02 01 02 02 03 04 04 04 04 03 02 01 01 01 02 03 04 03 04 01 01 02 01 02 01 04 02 03 03 03 01 03 03 03 01 03 02 01 01 01 01 02 03 03 01 01 03 01 02 01 03 02 02 04 02 01 01 02 04 03 03 02 03 02 01 04 02 01 01 02 04 01 01 03 01 04 04 01 01 02 03 03 04 02 04 02
CANOT2617	1	03 02 04 03 03 01 02 02 02 03 02 02 04 01 02 01 02 02 03 04 04 04 04 03 02 01 01 01 02 03 04 03 04 01 01 02 01 02 01 04 02 03 03 03 01 03 03 03 01 03 02 01 01 01 01 02 03 03 01 01 03 01 02 01 03 02 02 04 02 01 01 02 04 03 03 02 03 02 01 04 02 01 01 02 04 01 01 03 01 04 04 01 01 02 03 03 04 02 04 02
CANOT2617	1	03 02 04 03 03 01 02 02 02 03 02 02 04 01 02 01 02 02 03 04 04 04 04 03 02 01 01 01 02 03 04 03 04 01 01 02 01 02 01 04 02 03 03 03 01 03 03 03 01 03 02 01 01 01 01 02 03 03 01 01 03 01 02 01 03 02 02 04 02 01 01 02 04 03 03 02 03 02 01 04 02 01 01 02 04 01 01 03 01 04 04 01 01 02 03 03 04 02 04 02
CANOT2618	1	03 02 -9 03 03 01 02 02 02 -9 02 02 04 01 -9 -9 -9 02 -9 04 04 04 04 03 02 -9 -9 -9 02 03 -9 03 -9 01 01 -9 01 02 01 04 -9 03 03 -9 01 -9 03 03 01 -9 02 01 01 -9 01 02 03 03 01 -9 03 -9 02 01 03 -9 02 -9 02 01 01 02 04 03 03 -9 -9 02 01 04 02 01 -9 -9 04 01 01 03 -9 -9 04 01 -9 -9 03 03 04 02 04 02
CANOT2618	1	03 02 -9 03 03 01 02 02 02 -9 02 02 04 01 -9 -9 -9 02 -9 04 04 04 04 03 02 -9 -9 -9 02 03 -9 03 -9 01 01 -9 01 02 01 04 -9 03 03 -9 01 -9 03 03 01 -9 02 01 01 -9 01 02 03 03 01 -9 03 -9 02 01 03 -9 02 -9 02 03 01 02 04 03 03 -9 -9 02 01 04 02 01 -9 -9 04 01 01 03 -9 -9 04 01 -9 -9 03 03 04 02 04 02
DB12041	1	03 02 04 03 03 01 02 02 02 03 02 02 04 01 02 01 02 02 03 04 04 04 04 03 02 01 01 01 02 03 04 03 04 01 01 02 01 02 01 04 02 03 03 03 01 03 03 03 -9 03 02 -9 01 01 01 02 03 03 -9 01 -9 01 02 01 -9 -9 02 04 02 01 01 02 -9 03 03 02 03 02 01 04 02 01 01 02 04 01 -9 03 01 04 -9 01 01 02 03 03 04 02 04 -9
DB12041	1	03 02 04 03 03 01 02 02 02 03 02 02 04 01 02 01 02 02 03 04 04 04 04 03 02 01 01 01 02 03 04 03 04 01 01 02 01 02 01 04 02 03 03 03 01 03 03 03 -9 03 02 -9 01 01 01 02 03 03 -9 01 -9 01 02 01 -9 -9 02 04 02 01 01 02 -9 03 03 02 03 02 01 04 02 01 01 02 04 01 -9 03 01 04 -9 01 01 02 03 03 04 02 04 -9
DB2589	1	03 02 04 03 03 01 02 02 -9 -9 02 02 04 01 02 01 02 02 03 04 04 04 04 03 02 01 01 01 02 03 04 03 04 01 01 02 01 02 01 04 02 03 03 03 01 03 -9 03 01 03 02 01 01 -9 01 02 03 03 01 01 03 01 02 01 03 02 02 04 02 01 01 02 04 03 03 02 03 02 01 04 02 01 01 02 04 01 01 03 01 04 04 01 01 02 03 03 04 02 04 02
DB2589	1	03 02 04 03 03 01 02 02 -9 -9 02 02 04 01 02 01 02 02 03 04 04 04 04 03 02 01 01 01 02 03 04 03 04 01 01 02 01 02 01 04 02 03 03 03 01 03 -9 03 01 03 02 01 01 -9 01 02 03 03 01 01 03 01 02 03 03 02 02 04 02 01 01 02 04 03 03 02 03 02 01 04 02 01 01 02 04 01 01 03 01 04 04 01 01 02 03 03 04 02 04 02
DB2590	1	03 02 04 03 03 01 02 02 02 03 02 02 04 01 02 01 02 02 03 04 04 04 04 03 02 01 01 01 02 03 04 03 04 01 01 02 01 02 01 04 02 03 03 03 01 03 -9 03 01 03 02 01 01 01 01 02 03 03 01 01 03 01 02 01 03 02 02 04 02 01 01 02 04 03 03 02 03 02 01 04 02 01 01 02 04 01 01 03 01 04 04 01 01 02 03 03 04 02 04 02
DB2590	1	03 02 04 03 03 01 02 02 02 03 02 02 04 01 02 01 02 02 03 04 04 04 04 03 02 01 01 01 02 03 04 03 04 01 01 02 01 02 01 04 02 03 03 03 01 03 -9 03 01 03 02 01 01 01 01 02 03 03 01 01 03 01 02 01 03 02 02 04 02 01 01 02 04 03 03 02 03 02 01 04 02 01 01 02 04 01 01 03 01 04 04 01 01 02 03 03 04 02 04 02
DB2592	1	03 02 04 03 03 01 02 02 02 03 02 02 04 01 02 01 02 02 03 04 04 04 04 03 02 01 01 01 02 03 04 03 04 01 01 02 01 02 01 04 02 03 03 03 01 03 03 03 01 03 02 01 01 01 01 02 03 03 01 01 03 01 02 01 03 02 02 04 02 01 01 02 04 03 03 02 03 02 01 04 02 01 01 02 04 01 01 03 01 04 04 01 01 02 03 03 04 02 04 02
DB2592	1	03 02 04 03 03 01 02 02 02 03 02 02 04 01 02 01 02 02 03 04 04 04 04 03 02 01 01 01 02 03 04 03 04 01 01 02 01 02 01 04 02 03 03 03 01 04 03 03 01 03 02 01 01 01 01 02 03 03 01 01 03 01 02 01 03 02 02 04 02 01 01 02 04 03 03 02 03 02 01 04 02 01 01 02 04 01 01 03 03 04 04 01 01 02 03 03 04 02 04 02
DB2593	1	03 02 04 03 03 01 02 02 -9 -9 02 02 04 01 02 -9 02 02 03 04 04 04 04 03 02 01 01 01 02 03 04 03 04 01 01 -9 01 02 01 04 02 03 03 03 01 03 03 03 01 03 02 01 01 01 01 02 03 03 01 01 03 01 02 01 03 02 02 04 02 01 01 02 04 03 03 02 03 02 01 04 02 01 01 02 04 01 01 03 01 04 -9 01 01 -9 03 03 04 02 04 02
DB2593	1	03 02 04 03 03 01 02 02 -9 -9 02 02 04 01 02 -9 02 02 03 04 04 04 04 03 02 01 01 01 02 03 04 03 04 01 01 -9 01 02 01 04 02 03 03 03 01 03 03 03 01 03 02 01 01 01 01 02 03 03 01 01 03 01 02 01 03 02 02 04 02 01 01 02 04 03 03 02 03 02 01 04 02 01 01 02 04 01 01 03 01 04 -9 01 01 -9 03 03 04 02 04 02
DB2634	1	03 02 04 03 03 01 -9 02 02 03 02 02 04 01 02 01 -9 02 03 04 04 04 04 03 02 01 01 01 02 03 04 03 04 01 01 02 01 02 01 04 02 03 03 03 01 03 01 -9 01 03 02 01 01 01 01 02 03 03 01 01 03 01 02 01 -9 02 02 04 02 01 01 02 04 03 03 02 03 02 01 04 02 01 01 02 04 01 01 03 01 04 04 01 01 02 03 03 04 02 04 02
DB2634	1	03 02 04 03 03 01 -9 02 02 03 02 02 04 01 02 01 -9 02 03 04 04 04 04 03 02 01 01 01 02 03 04 03 04 01 01 02 01 02 01 04 02 03 03 03 01 03 03 -9 01 03 02 03 01 01 01 02 03 03 01 01 03 01 02 01 -9 02 02 04 02 01 01 02 04 03 03 02 03 02 01 04 02 01 01 02 04 01 01 03 01 04 04 01 01 02 03 03 04 02 04 02
DB2635	1	03 02 04 03 03 01 02 02 02 03 02 02 04 01 02 01 02 02 03 04 04 04 04 03 02 01 01 01 02 03 04 03 04 01 01 02 01 02 01 04 02 03 03 03 01 03 03 03 01 03 02 01 01 01 01 02 03 03 01 01 03 01 02 01 03 02 02 04 02 01 01 02 04 03 03 02 03 02 01 04 -9 01 01 02 04 01 01 03 01 04 04 01 01 02 03 03 04 02 04 02
DB2635	1	03 02 04 03 03 01 02 02 02 03 02 02 04 01 02 01 02 02 03 04 04 04 04 03 02 01 01 01 02 03 04 03 04 01 01 02 01 02 01 04 02 03 03 03 01 03 03 03 01 03 02 01 01 01 01 02 03 03 01 01 03 01 02 01 03 02 02 04 02 01 01 02 04 03 03 02 03 02 01 04 -9 01 01 02 04 01 01 03 01 04 04 01 01 03 03 03 04 02 04 02
DB2637	1	03 02 04 03 03 01 02 02 02 03 02 02 04 01 02 01 02 02 03 04 04 04 04 03 02 01 01 01 02 03 04 03 04 01 01 02 01 02 01 04 02 03 03 03 01 03 03 03 01 03 02 01 01 01 01 02 03 03 01 01 03 01 02 01 03 02 02 04 02 01 01 02 04 03 03 02 03 02 01 04 02 01 01 02 04 01 01 03 01 04 04 01 01 02 03 03 04 02 04 02
DB2637	1	03 02 04 03 03 01 02 02 02 03 02 02 04 01 02 01 02 02 03 04 04 04 04 03 02 01 01 01 02 03 04 03 04 01 01 02 01 02 01 04 02 03 03 03 01 04 03 03 01 03 02 01 01 01 01 02 03 03 01 01 03 01 02 01 03 02 02 04 02 01 01 02 04 03 03 02 03 02 01 04 02 01 01 02 04 01 01 03 01 04 04 01 01 02 03 03 04 02 04 02
SIPS09	1	03 02 04 03 03 01 02 02 02 03 02 02 04 01 02 01 02 02 03 04 04 04 04 03 02 01 01 01 02 03 04 03 04 01 01 02 01 02 01 04 02 03 03 03 01 03 03 03 01 03 02 01 01 01 01 02 03 03 01 01 03 01 02 01 03 02 02 04 02 01 01 02 04 03 03 02 03 02 01 04 -9 01 01 02 04 01 01 03 01 04 04 01 01 02 03 03 04 02 04 02
SIPS09	1	03 03 04 03 03 01 02 02 02 03 02 02 04 01 02 01 02 02 03 04 04 04 04 03 02 01 01 01 02 03 04 03 04 01 01 02 01 02 01 04 02 03 03 03 01 03 03 03 01 03 02 01 01 01 03 03 04 03 01 01 03 04 02 01 03 02 02 04 02 01 01 02 04 03 03 02 03 02 01 04 -9 01 02 02 04 01 01 03 01 04 04 01 01 02 03 03 04 02 04 02
SIPS110	1	03 02 04 01 03 01 02 02 02 02 02 02 04 01 02 01 02 02 03 04 04 04 04 03 02 01 01 01 02 03 01 03 04 01 01 02 01 02 01 04 02 03 03 03 01 03 -9 03 01 03 02 01 01 01 01 02 03 03 01 01 03 01 02 01 03 02 02 04 02 01 01 02 02 03 03 02 03 02 01 04 02 01 01 02 04 01 01 03 01 04 04 01 01 02 03 03 04 02 04 02
SIPS110	1	03 02 04 03 03 01 03 02 02 03 02 02 04 01 02 01 04 02 03 04 04 04 04 03 02 01 04 01 02 03 04 03 04 01 01 02 01 02 01 04 02 03 03 03 03 03 -9 03 01 03 02 01 01 01 01 02 03 04 01 01 03 01 02 01 04 02 02 04 02 01 01 02 04 03 03 02 04 04 01 04 02 01 01 02 04 01 01 03 01 04 04 01 03 02 03 03 04 02 04 02
SIPS114	1	03 02 04 03 03 01 02 02 01 03 02 02 04 01 02 01 02 02 03 04 04 04 04 03 02 01 01 01 02 03 04 03 04 01 01 02 01 02 01 03 02 03 03 03 01 03 03 03 01 03 02 01 01 01 01 02 03 03 01 01 03 01 02 01 03 02 02 04 02 01 01 02 04 03 03 02 03 02 01 04 02 01 01 02 04 01 01 03 01 02 04 01 01 02 03 03 01 02 04 02
SIPS114	1	03 02 04 03 03 01 02 02 02 03 02 02 04 01 02 01 02 04 03 04 04 04 04 03 02 01 01 01 02 03 04 03 04 01 03 02 01 02 01 04 02 03 03 03 01 03 03 03 01 03 02 01 01 01 01 02 03 03 01 03 03 01 02 01 03 02 02 04 02 01 01 02 04 03 03 02 03 02 01 04 02 01 01 02 04 01 01 03 01 02 04 01 01 02 03 03 04 02 04 02
SIPS13	1	03 02 04 03 03 01 02 02 02 03 02 02 04 01 02 01 02 02 03 04 04 04 04 03 02 01 01 01 02 03 04 03 04 01 01 02 01 02 01 04 02 03 03 03 01 03 03 03 01 03 02 01 01 01 01 02 03 03 01 01 03 01 02 01 03 02 02 04 02 01 01 02 04 03 03 02 03 02 01 04 -9 01 01 02 04 01 01 03 01 04 04 01 01 02 03 03 04 02 04 02
SIPS13	1	03 02 04 03 03 01 02 02 02 03 02 02 04 01 02 01 02 02 03 04 04 04 04 03 02 01 01 01 02 03 04 03 04 01 01 02 01 02 01 04 02 03 03 03 01 03 03 03 01 03 02 01 01 01 03 03 04 03 01 01 03 01 02 01 03 02 02 04 02 01 01 02 04 03 03 02 03 02 01 04 -9 01 01 02 04 01 01 03 01 04 04 01 01 02 03 03 04 04 04 02
SIPS14	1	03 02 04 -9 03 01 02 02 02 03 02 02 04 01 02 01 02 02 03 04 04 04 04 03 02 01 01 01 02 03 04 03 04 01 01 02 01 02 01 04 02 03 03 03 01 03 03 03 01 03 02 01 01 01 01 02 03 03 01 01 03 01 02 01 03 02 02 04 02 01 01 02 04 03 03 02 03 02 01 04 02 01 01 02 04 01 01 03 01 04 04 01 01 02 03 03 04 02 04 02
SIPS14	1	03 02 04 -9 03 01 02 02 02 03 02 02 04 01 02 01 04 02 03 04 04 04 04 03 02 01 01 01 02 03 04 03 04 01 03 02 01 04 01 04 02 03 03 03 01 03 03 03 03 03 02 01 01 01 01 02 03 03 01 01 03 01 02 01 03 02 02 04 02 01 01 02 04 03 03 02 03 02 01 04 02 01 01 02 04 01 01 03 01 04 04 01 01 02 03 03 04 02 04 02
SIPS18	1	01 02 04 -9 03 01 02 02 02 03 02 02 04 01 02 01 02 02 03 04 04 04 04 03 02 01 01 01 02 03 04 03 04 01 01 02 01 02 01 04 02 03 03 03 01 03 03 03 01 03 02 01 01 01 01 02 03 03 01 01 03 01 02 01 03 02 02 04 02 01 01 02 04 03 03 02 03 02 01 04 02 01 01 02 04 01 01 03 01 04 04 01 01 02 03 03 04 02 04 02
SIPS18	1	03 02 04 -9 03 01 02 02 02 03 02 02 04 01 02 01 02 02 03 04 04 04 04 03 02 01 01 01 02 03 04 03 04 01 01 02 01 04 01 04 02 03 03 03 01 03 03 03 03 03 02 01 01 01 01 02 03 03 01 01 03 01 02 01 03 02 02 04 02 01 01 02 04 03 03 02 03 02 01 04 02 01 01 02 04 01 01 03 01 04 04 01 01 02 03 03 04 02 04 02
SIPS20	1	03 02 04 03 03 01 02 02 02 03 02 02 04 01 02 01 02 02 03 04 04 04 04 03 02 01 01 01 02 03 04 03 04 01 01 02 01 02 01 04 02 03 03 03 01 03 03 03 01 03 02 01 01 01 01 02 03 03 01 01 03 01 02 01 03 02 02 04 02 01 01 02 04 03 03 02 03 02 01 02 02 01 01 02 04 01 01 03 01 04 04 01 01 02 03 03 04 02 04 02
SIPS20	1	03 02 04 03 03 01 02 02 02 03 02 02 04 01 03 01 02 02 03 04 04 04 04 03 02 01 01 01 02 03 04 03 04 01 01 02 01 02 01 04 02 03 03 03 01 03 03 03 01 03 02 01 01 01 01 02 03 03 01 01 03 01 02 01 03 02 02 04 02 01 01 02 04 03 03 02 03 02 01 04 02 01 01 02 04 01 01 03 01 04 04 01 01 02 03 03 04 02 04 02
SIPS26	1	03 02 04 03 03 01 02 02 02 03 02 02 04 01 02 01 02 02 03 04 04 04 04 03 02 01 01 01 02 03 04 03 04 01 01 02 01 02 01 04 02 03 03 03 01 03 03 03 01 03 02 01 01 01 01 02 03 03 01 01 03 01 02 01 03 02 02 04 02 01 01 02 04 03 03 02 03 02 01 04 -9 01 01 02 04 01 01 03 01 04 04 01 01 02 03 03 04 02 04 02
SIPS26	1	03 03 04 03 03 01 02 02 02 03 02 02 04 01 02 01 02 02 03 04 04 04 04 03 02 01 01 01 02 03 04 03 04 01 01 02 01 02 01 04 02 03 03 03 01 03 03 03 01 03 02 01 01 01 01 02 03 03 01 01 03 01 02 01 03 02 02 04 02 01 01 02 04 03 03 02 03 02 01 04 -9 01 01 02 04 01 01 03 01 04 04 01 01 02 03 03 04 04 04 02
SIPS27	1	03 02 04 03 03 01 02 02 02 03 02 02 04 01 02 01 02 02 03 04 04 04 04 03 02 01 01 01 02 03 04 03 04 01 01 02 01 02 -9 04 02 03 03 03 01 03 -9 03 01 03 02 01 01 01 01 02 03 03 01 01 03 01 02 01 03 02 02 02 01 01 01 02 04 03 03 02 03 02 01 04 02 01 01 02 04 01 01 03 01 04 04 01 01 02 03 03 04 02 04 02
SIPS27	1	03 02 04 03 03 01 03 02 02 03 02 02 04 01 02 01 02 02 03 04 04 04 04 03 02 01 01 01 02 03 04 03 04 01 01 02 01 02 -9 04 02 03 03 03 01 03 -9 03 01 03 02 01 01 01 01 02 03 03 01 01 03 01 02 01 03 02 02 04 02 01 01 02 04 03 03 02 03 02 01 04 02 01 02 02 04 01 01 03 01 04 04 01 03 02 03 03 04 02 04 02
SIPS32	1	03 02 04 03 03 01 02 02 02 03 02 02 04 01 02 01 02 02 03 04 04 04 04 03 02 01 01 01 02 03 04 03 04 01 01 02 01 02 01 04 02 03 03 03 01 03 03 03 01 03 02 01 01 01 01 02 03 03 01 01 03 01 02 01 -9 02 02 04 02 01 01 02 04 03 03 02 03 02 01 04 02 01 01 02 04 01 01 03 01 04 04 01 01 02 03 03 04 02 04 02
SIPS32	1	03 02 04 03 03 01 02 02 02 03 02 02 04 01 02 01 02 02 03 04 04 04 04 03 02 01 01 01 02 03 04 03 04 01 01 02 01 02 01 04 02 03 03 03 01 03 03 03 01 03 02 01 01 01 01 02 03 03 01 01 03 01 02 01 -9 02 02 04 02 01 01 02 04 03 03 02 03 02 01 04 02 01 01 02 04 01 01 03 01 04 04 01 01 02 03 03 04 02 04 02
Sipsey122	1	01 02 04 03 03 01 02 02 02 03 02 02 04 01 02 01 02 02 03 02 04 04 04 03 02 01 01 01 02 03 04 03 04 01 01 02 01 02 01 04 02 03 01 03 01 03 03 03 01 03 02 01 01 01 01 02 03 03 01 01 03 01 02 01 03 02 02 04 02 01 01 02 04 03 03 02 03 02 01 04 02 01 01 02 04 01 01 03 01 04 04 01 01 02 03 03 04 02 04 02
Sipsey122	1	03 02 04 03 03 01 02 02 02 03 02 02 04 01 03 01 02 02 03 04 04 04 04 03 02 01 01 03 04 03 04 03 04 01 01 02 01 02 01 04 02 03 01 03 01 03 03 03 01 03 02 01 03 01 01 02 03 03 03 01 03 01 02 01 03 02 02 04 02 01 01 02 04 03 03 02 03 02 01 04 02 01 01 02 04 01 01 03 01 04 04 01 01 02 03 03 04 02 04 02
Sipsey123	1	03 02 04 03 03 -9 02 02 02 03 02 02 04 01 02 01 02 02 03 04 04 04 04 03 02 01 01 01 02 03 04 03 04 01 01 02 01 02 01 04 01 03 03 03 01 03 03 03 01 02 02 01 01 01 01 02 03 03 01 01 03 01 02 01 03 02 02 -9 02 01 01 02 04 -9 03 02 03 02 01 04 02 01 01 02 -9 01 -9 03 01 04 04 01 01 02 03 -9 04 02 04 02
Sipsey123	1	03 02 04 03 03 -9 02 03 02 03 02 02 04 01 02 01 02 02 03 04 04 04 04 03 02 01 01 01 02 03 04 03 04 01 01 02 01 02 01 04 02 03 03 03 01 03 03 03 01 03 02 01 01 01 01 02 03 03 01 01 03 01 02 03 03 02 02 -9 02 01 01 02 04 -9 04 02 03 02 01 04 02 01 01 02 -9 01 -9 03 01 04 04 01 01 02 03 -9 04 02 04 02
Sipsey124	1	03 02 04 03 03 01 02 02 02 03 02 02 04 01 02 01 02 02 03 04 04 04 04 03 02 01 01 01 02 03 04 03 02 01 01 02 01 02 01 03 02 03 03 03 01 03 03 03 01 03 02 01 01 01 01 02 03 03 01 01 03 01 02 01 03 02 02 04 02 01 01 02 04 03 03 02 03 02 01 04 02 01 01 02 04 01 01 03 01 04 04 01 01 02 03 03 04 02 04 02
Sipsey124	1	03 02 04 03 03 01 02 02 02 03 02 02 04 01 02 01 02 02 03 04 04 04 04 03 02 01 01 01 02 03 04 03 04 01 01 03 01 02 01 04 02 03 03 03 01 03 03 03 01 03 02 01 01 01 01 02 03 04 01 01 03 01 02 01 03 02 02 04 02 01 01 02 04 03 03 02 03 02 01 04 02 01 01 02 04 01 01 03 01 04 04 01 01 02 03 03 04 02 04 02
TN11851	1	03 02 04 03 03 01 02 02 02 03 02 02 04 01 02 03 02 02 03 04 04 04 04 03 02 01 01 01 02 03 04 03 04 01 01 02 01 02 01 04 02 03 03 03 01 03 -9 03 01 03 02 01 01 01 01 02 03 03 01 01 03 01 02 01 03 02 02 04 02 01 01 02 04 03 03 02 03 02 01 04 -9 01 01 02 04 01 01 03 01 04 04 01 01 02 03 03 04 02 04 02
TN11851	1	03 02 04 03 03 01 02 02 02 03 02 02 04 01 02 03 02 02 03 04 04 04 04 03 02 01 01 01 02 03 04 03 04 01 01 02 01 02 01 04 02 03 03 03 01 03 -9 03 01 03 02 01 01 01 01 02 03 03 01 01 03 01 02 01 03 02 02 04 02 01 01 02 04 03 03 02 03 02 01 04 -9 01 01 02 04 01 01 03 01 04 04 01 01 02 03 03 04 02 04 02
TN11853	1	03 02 -9 -9 03 01 02 02 -9 03 02 02 04 01 02 01 02 -9 -9 04 04 04 04 03 -9 -9 -9 -9 02 03 04 03 -9 01 01 02 01 02 01 -9 -9 03 03 03 01 -9 03 -9 01 03 02 -9 01 -9 01 02 03 03 01 -9 03 -9 02 01 -9 02 02 04 02 01 01 02 04 -9 03 02 03 02 01 04 02 -9 -9 02 04 01 -9 03 -9 04 04 01 -9 -9 03 -9 04 02 04 -9
TN11853	1	03 02 -9 -9 03 01 02 02 -9 03 02 02 04 01 02 01 02 -9 -9 04 04 04 04 03 -9 -9 -9 -9 02 03 04 03 -9 01 01 02 01 02 04 -9 -9 03 03 03 01 -9 03 -9 01 03 02 -9 01 -9 01 02 03 03 01 -9 03 -9 02 01 -9 02 02 04 02 01 01 02 04 -9 03 02 03 02 01 04 02 -9 -9 02 04 01 -9 03 -9 04 04 01 -9 -9 03 -9 04 02 04 -9
TN11854	1	-9 02 04 -9 03 01 02 02 -9 -9 02 02 04 01 02 01 02 02 03 04 04 04 04 03 02 01 01 -9 02 03 -9 03 04 01 01 02 01 02 01 -9 02 03 03 03 01 03 03 03 01 03 02 01 01 01 01 02 03 03 01 01 03 01 02 01 -9 02 02 04 02 01 01 02 04 03 03 -9 -9 02 01 04 -9 01 01 02 04 01 -9 03 01 04 04 01 01 -9 03 03 04 02 04 -9
TN11854	1	-9 02 04 -9 03 01 02 02 -9 -9 02 02 04 01 02 01 02 02 03 04 04 04 04 03 02 01 01 -9 02 03 -9 03 04 01 01 02 01 02 01 -9 02 03 03 03 01 03 03 03 01 03 02 01 01 01 01 02 03 03 01 01 03 01 02 01 -9 02 02 04 02 01 01 02 04 03 03 -9 -9 02 01 04 -9 01 01 02 04 01 -9 03 01 04 04 01 01 -9 03 03 04 02 04 -9
FL01	2	03 03 02 01 03 03 02 03 01 02 04 02 02 01 03 03 04 04 01 02 04 02 02 01 01 03 04 03 04 03 01 01 04 02 03 03 01 04 04 04 01 04 01 03 03 04 01 03 03 02 02 03 03 03 01 02 03 04 03 03 03 01 02 03 03 03 02 04 02 03 03 02 02 03 04 02 04 02 01 02 01 01 01 02 04 01 02 01 03 02 02 01 03 03 03 01 01 04 02 03
FL01	2	03 03 02 01 03 03 02 03 01 02 04 02 02 01 03 03 04 04 01 02 04 02 02 01 01 03 04 03 04 03 01 01 04 02 03 03 01 04 04 04 01 04 01 03 03 04 01 03 03 02 02 03 03 03 01 02 03 04 03 03 03 01 02 03 03 03 02 04 02 03 03 02 02 03 04 02 04 02 01 02 01 01 01 02 04 01 02 01 03 02 02 01 03 03 03 01 01 04 02 03
FL09	2	03 03 02 01 03 03 02 03 01 02 04 02 02 01 03 03 04 04 01 02 04 02 02 01 01 03 04 03 04 03 01 01 04 02 03 03 01 04 04 04 01 04 01 03 03 04 01 03 03 02 02 03 03 03 01 02 03 04 03 03 03 01 02 03 03 03 02 04 02 03 03 02 02 03 04 02 04 02 01 02 01 01 01 02 04 01 02 01 03 02 02 01 03 03 03 01 01 04 02 03
FL09	2	03 03 02 01 03 03 02 03 01 02 04 02 02 01 03 03 04 04 01 02 04 02 02 01 01 03 04 03 04 03 01 01 04 02 03 03 01 04 04 04 01 04 01 03 03 04 01 03 03 02 02 03 03 03 01 02 03 04 03 03 03 01 02 03 03 03 02 04 02 03 03 02 02 03 04 02 04 02 01 02 01 01 01 02 04 01 02 01 03 02 02 01 03 03 03 01 01 04 02 03
FL12	2	03 03 02 01 03 03 02 03 01 02 04 02 02 01 03 03 04 04 01 02 04 02 02 01 01 03 04 03 04 03 01 01 04 02 03 03 01 04 04 04 01 04 01 03 03 04 01 03 03 02 02 03 03 03 01 02 03 04 03 03 03 01 02 03 03 03 02 04 02 03 03 02 02 03 04 02 04 02 01 02 01 01 01 02 04 01 02 01 03 02 02 01 03 03 03 01 01 04 02 03
FL12	2	03 03 02 01 03 03 02 03 01 02 04 02 02 01 03 03 04 04 01 02 04 02 02 01 01 03 04 03 04 03 01 01 04 02 03 03 01 04 04 04 01 04 01 03 03 04 01 03 03 02 02 03 03 03 01 02 03 04 03 03 03 01 02 03 03 03 02 04 02 03 03 02 02 03 04 02 04 02 01 02 01 01 01 02 04 01 02 01 03 02 02 01 03 03 03 01 01 04 02 03
FL15	2	03 03 02 01 03 03 02 03 01 02 04 02 02 01 03 03 04 04 01 02 04 02 02 01 01 03 04 03 04 03 01 01 04 02 03 03 01 04 04 04 01 04 01 03 03 04 01 03 03 02 02 03 03 03 01 02 03 04 03 03 03 01 02 03 03 03 02 04 02 03 03 02 02 03 04 02 04 02 01 02 01 01 01 02 04 01 02 01 03 02 02 01 03 03 03 01 01 04 02 03
FL15	2	03 03 02 01 03 03 02 03 01 02 04 02 02 01 03 03 04 04 01 02 04 02 02 01 01 03 04 03 04 03 01 01 04 02 03 03 01 04 04 04 01 04 01 03 03 04 01 03 03 02 02 03 03 03 01 02 03 04 03 03 03 01 02 03 03 03 02 04 02 03 03 02 02 03 04 02 04 02 01 02 01 01 01 02 04 01 02 01 03 02 02 01 03 03 03 01 01 04 02 03
FL16	2	03 03 02 01 03 03 02 03 01 02 04 02 02 01 03 03 04 04 01 02 04 02 02 01 01 03 04 03 04 03 01 01 04 02 03 03 01 04 04 04 01 04 01 03 03 04 01 03 03 02 02 03 03 03 01 02 03 04 03 03 03 01 02 03 03 03 02 04 02 03 03 02 02 03 04 02 04 02 01 02 01 01 01 02 04 01 02 01 03 02 02 01 03 03 03 01 01 04 02 03
FL16	2	03 03 02 01 03 03 02 03 01 02 04 02 02 01 03 03 04 04 01 02 04 02 02 01 01 03 04 03 04 03 01 01 04 02 03 03 01 04 04 04 01 04 01 03 03 04 01 03 03 02 02 03 03 03 01 02 03 04 03 03 03 01 02 03 03 03 02 04 02 03 03 02 02 03 04 02 04 02 01 02 01 01 01 02 04 01 02 01 03 02 02 01 03 03 03 01 01 04 02 03
FL20	2	03 03 02 01 03 03 02 03 01 02 04 02 02 01 03 03 04 04 01 02 04 02 02 01 01 03 04 03 04 03 01 01 04 02 03 03 01 04 04 04 01 04 01 03 03 04 01 03 03 02 02 03 03 03 01 02 03 04 03 03 03 01 02 03 03 03 02 04 02 03 03 02 02 03 04 02 04 02 01 02 01 01 01 02 04 01 02 01 03 02 02 01 03 03 03 01 01 04 02 03
FL20	2	03 03 02 01 03 03 02 03 01 02 04 02 02 01 03 03 04 04 01 02 04 02 02 01 01 03 04 03 04 03 01 01 04 02 03 03 01 04 04 04 01 04 01 03 03 04 01 03 03 02 02 03 03 03 01 02 03 04 03 03 03 01 02 03 03 03 02 04 02 03 03 02 02 03 04 02 04 02 01 02 01 01 01 02 04 01 02 01 03 02 02 01 03 03 03 01 01 04 02 03
FL21	2	03 03 02 01 03 03 02 03 01 02 04 02 02 01 03 03 04 04 01 02 04 02 02 01 01 03 04 03 04 03 01 01 04 02 03 03 01 04 04 04 01 04 01 03 03 04 01 03 03 02 02 03 03 03 01 02 03 04 03 03 03 01 02 03 03 03 02 04 02 03 03 02 02 03 04 02 04 02 01 02 01 01 01 02 04 01 02 01 03 02 02 01 03 03 03 01 01 04 02 03
FL21	2	03 03 02 01 03 03 02 03 01 02 04 02 02 01 03 03 04 04 01 02 04 02 02 01 01 03 04 03 04 03 01 01 04 02 03 03 01 04 04 04 01 04 01 03 03 04 01 03 03 02 02 03 03 03 01 02 03 04 03 03 03 01 02 03 03 03 02 04 02 03 03 02 02 03 04 02 04 02 01 02 01 01 01 02 04 01 02 01 03 02 02 01 03 03 03 01 01 04 02 03
FL23	2	03 03 02 01 03 03 02 03 01 02 04 02 02 01 03 03 04 04 01 02 04 02 02 01 01 03 04 03 04 03 01 01 04 02 03 03 01 04 04 04 01 04 01 03 03 04 01 03 03 02 02 03 03 03 01 02 03 04 03 03 03 01 02 03 03 03 02 04 02 03 03 02 02 03 04 02 04 02 01 02 01 01 01 02 04 01 02 01 03 02 02 01 03 03 03 01 01 04 02 03
FL23	2	03 03 02 01 03 03 02 03 01 02 04 02 02 01 03 03 04 04 01 02 04 02 02 01 01 03 04 03 04 03 01 01 04 02 03 03 01 04 04 04 01 04 01 03 03 04 01 03 03 02 02 03 03 03 01 02 03 04 03 03 03 01 02 03 03 03 02 04 02 03 03 02 02 03 04 02 04 02 01 02 01 01 01 02 04 01 02 01 03 02 02 01 03 03 03 01 01 04 02 03
FL30	2	03 03 02 01 03 03 02 03 01 02 04 02 02 01 03 03 04 04 01 02 04 02 02 01 01 03 04 03 04 03 01 01 04 02 03 03 01 04 04 04 01 04 01 03 03 04 01 03 03 02 02 03 03 03 01 02 03 04 03 03 03 01 02 03 03 03 02 04 02 03 03 02 02 03 04 02 04 02 01 02 01 01 01 02 04 01 02 01 03 02 02 01 03 03 03 01 01 04 02 03
FL30	2	03 03 02 01 03 03 02 03 01 02 04 02 02 01 03 03 04 04 01 02 04 02 02 01 01 03 04 03 04 03 01 01 04 02 03 03 01 04 04 04 01 04 01 03 03 04 01 03 03 02 02 03 03 03 01 02 03 04 03 03 03 01 02 03 03 03 02 04 02 03 03 02 02 03 04 02 04 02 01 02 01 01 01 02 04 01 02 01 03 02 02 01 03 03 03 01 01 04 02 03
FL55	2	03 03 02 01 03 03 02 03 01 02 04 02 02 01 03 03 04 04 01 02 04 02 02 01 01 03 04 03 04 03 01 01 04 02 -9 03 01 04 04 04 01 04 01 03 03 04 01 03 03 02 02 03 03 03 01 02 03 04 03 03 03 01 02 03 03 03 02 04 02 03 03 02 02 03 04 02 04 02 01 02 01 01 01 02 04 01 02 01 03 02 02 01 03 03 03 01 01 04 02 03
FL55	2	03 03 02 01 03 03 02 03 01 02 04 02 02 01 03 03 04 04 01 02 04 02 02 01 01 03 04 03 04 03 01 01 04 02 -9 03 01 04 04 04 01 04 01 03 03 04 01 03 03 02 02 03 03 03 01 02 03 04 03 03 03 01 02 03 03 03 02 04 02 03 03 02 02 03 04 02 04 02 01 02 01 01 01 02 04 01 02 01 03 02 02 01 03 03 03 01 01 04 02 03
FL60	2	03 03 02 01 03 03 02 03 01 02 04 02 02 01 03 03 04 04 01 02 04 02 02 01 01 03 04 03 04 03 01 01 04 02 03 03 01 04 04 04 01 04 01 03 03 04 01 03 03 02 02 03 03 03 01 02 03 04 03 03 03 01 02 03 03 03 02 04 02 03 03 02 02 03 04 02 04 02 01 02 01 01 01 02 04 01 02 01 03 02 02 01 03 03 03 01 01 04 02 03
FL60	2	03 03 02 01 03 03 02 03 01 02 04 02 02 01 03 03 04 04 01 02 04 02 02 01 01 03 04 03 04 03 01 01 04 02 03 03 01 04 04 04 01 04 01 03 03 04 01 03 03 02 02 03 03 03 01 02 03 04 03 03 03 01 02 03 03 03 02 04 02 03 03 02 02 03 04 02 04 02 01 02 01 01 01 02 04 01 02 01 03 02 02 01 03 03 03 01 01 04 02 03
FL64	2	03 03 02 01 03 03 02 03 01 02 04 02 02 01 03 03 04 04 01 02 04 02 02 01 01 03 04 03 04 03 01 01 04 02 03 03 01 04 04 04 01 04 01 03 03 04 01 03 03 02 02 03 03 03 01 02 03 04 03 03 03 01 02 03 03 03 02 04 02 03 03 02 02 03 04 02 04 02 01 02 01 01 01 02 04 01 02 01 03 02 02 01 03 03 03 01 01 04 02 03
FL64	2	03 03 02 01 03 03 02 03 01 02 04 02 02 01 03 03 04 04 01 02 04 02 02 01 01 03 04 03 04 03 01 01 04 02 03 03 01 04 04 04 01 04 01 03 03 04 01 03 03 02 02 03 03 03 01 02 03 04 03 03 03 01 02 03 03 03 02 04 02 03 03 02 02 03 04 02 04 02 01 02 01 01 01 02 04 01 02 01 03 02 02 01 03 03 03 01 01 04 02 03
FL68	2	03 03 02 01 03 03 02 03 01 02 04 02 02 01 03 03 04 04 01 02 04 02 02 01 01 03 04 03 04 03 01 01 04 02 03 03 01 04 04 04 01 04 01 03 03 04 01 03 03 02 02 03 03 03 01 02 03 04 03 03 03 01 02 03 03 03 02 04 02 03 03 02 02 03 04 02 04 02 01 02 01 01 01 02 04 01 02 01 03 02 02 01 03 03 03 01 01 04 02 03
FL68	2	03 03 02 01 03 03 02 03 01 02 04 02 02 01 03 03 04 04 01 02 04 02 02 01 01 03 04 03 04 03 01 01 04 02 03 03 01 04 04 04 01 04 01 03 03 04 01 03 03 02 02 03 03 03 01 02 03 04 03 03 03 01 02 03 03 03 02 04 02 03 03 02 02 03 04 02 04 02 01 02 01 01 01 02 04 01 02 01 03 02 02 01 03 03 03 01 01 04 02 03
FL70	2	03 03 02 01 03 03 02 03 01 02 04 02 02 01 03 03 04 04 01 02 04 02 02 01 01 03 04 03 04 03 01 01 04 02 03 03 01 04 04 04 01 04 01 03 03 04 01 03 03 02 02 03 03 03 01 02 03 04 03 03 03 01 02 03 03 03 02 04 02 03 03 02 02 03 04 02 04 02 01 02 01 01 01 02 04 01 02 01 03 02 02 01 03 03 03 01 01 04 02 03
FL70	2	03 03 02 01 03 03 02 03 01 02 04 02 02 01 03 03 04 04 01 02 04 02 02 01 01 03 04 03 04 03 01 01 04 02 03 03 01 04 04 04 01 04 01 03 03 04 01 03 03 02 02 03 03 03 01 02 03 04 03 03 03 01 02 03 03 03 02 04 02 03 03 02 02 03 04 02 04 02 01 02 01 01 01 02 04 01 02 01 03 02 02 01 03 03 03 01 01 04 02 03
FL71	2	03 03 02 01 03 03 02 03 01 02 04 02 02 01 03 03 04 04 01 02 04 02 02 01 01 03 04 03 04 03 01 01 04 02 03 03 01 04 04 04 01 04 01 03 03 04 01 03 03 02 02 03 03 03 01 02 03 04 03 03 03 01 02 03 03 03 02 04 02 03 03 02 02 03 04 02 04 02 01 02 01 01 01 02 04 01 02 01 03 02 02 01 03 03 03 01 01 04 02 03
FL71	2	03 03 02 01 03 03 02 03 01 02 04 02 02 01 03 03 04 04 01 02 04 02 02 01 01 03 04 03 04 03 01 01 04 02 03 03 01 04 04 04 01 04 01 03 03 04 01 03 03 02 02 03 03 03 01 02 03 04 03 03 03 01 02 03 03 03 02 04 02 03 03 02 02 03 04 02 04 02 01 02 01 01 01 02 04 01 02 01 03 02 02 01 03 03 03 01 01 04 02 03
FL72	2	03 03 02 01 03 03 02 03 01 02 04 02 02 01 03 03 04 04 01 02 04 02 02 01 01 03 04 03 04 03 01 01 04 02 03 03 01 04 04 04 01 04 01 03 03 04 01 03 03 02 02 03 03 03 01 02 03 04 03 03 03 01 02 03 03 03 02 04 02 03 03 02 02 03 04 02 04 02 01 02 01 01 01 02 04 01 02 01 03 02 02 01 03 03 03 01 01 04 02 03
FL72	2	03 03 02 01 03 03 02 03 01 02 04 02 02 01 03 03 04 04 01 02 04 02 02 01 01 03 04 03 04 03 01 01 04 02 03 03 01 04 04 04 01 04 01 03 03 04 01 03 03 02 02 03 03 03 01 02 03 04 03 03 03 01 02 03 03 03 02 04 02 03 03 02 02 03 04 02 04 02 01 02 01 01 01 02 04 01 02 01 03 02 02 01 03 03 03 01 01 04 02 03
FL73	2	03 03 02 01 03 03 02 03 01 02 04 02 02 01 03 03 04 04 01 02 04 02 02 01 01 03 04 03 04 03 01 01 04 02 03 03 01 04 04 04 01 04 01 03 03 04 01 03 03 02 02 03 03 03 01 02 03 04 03 03 03 01 02 03 03 03 02 04 02 03 03 02 02 03 04 02 04 02 01 02 01 01 01 02 04 01 02 01 03 02 02 01 03 03 03 01 01 04 02 03
FL73	2	03 03 02 01 03 03 02 03 01 02 04 02 02 01 03 03 04 04 01 02 04 02 02 01 02 03 04 03 04 03 01 01 04 02 03 03 01 04 04 04 01 04 01 03 03 04 01 03 03 02 02 03 03 03 01 02 03 04 03 03 03 01 02 03 03 03 02 04 02 03 03 02 02 03 04 02 04 02 01 02 01 01 01 02 04 01 02 01 03 02 02 01 03 03 03 01 01 04 02 03
FLAL01	2	03 03 02 01 03 03 02 03 01 02 04 02 02 01 03 03 04 04 01 02 04 02 02 01 01 03 04 03 04 03 01 01 04 02 03 03 01 04 04 04 01 04 01 03 03 04 01 03 03 02 02 03 03 03 01 02 03 04 03 03 03 01 02 03 03 03 02 04 02 03 03 02 02 03 04 02 04 02 01 02 01 01 01 02 04 01 02 01 03 02 02 01 03 03 03 01 01 04 02 03
FLAL01	2	03 03 02 01 03 03 02 03 01 02 04 02 02 01 03 03 04 04 01 02 04 02 02 01 01 03 04 03 04 03 01 01 04 02 03 03 01 04 04 04 01 04 01 03 03 04 01 03 03 02 02 03 03 03 01 02 03 04 03 03 03 01 02 03 03 03 02 04 02 03 03 02 02 03 04 02 04 02 01 02 01 01 01 02 04 01 02 01 03 02 02 01 03 03 03 01 01 04 02 03
FLAL01II	2	03 03 02 01 03 03 02 03 01 02 04 02 02 01 03 03 04 04 01 02 04 02 02 01 -9 03 04 03 04 03 01 01 -9 02 03 03 01 04 04 04 01 04 01 03 -9 04 01 -9 -9 02 02 03 03 03 01 -9 03 04 03 -9 03 01 02 03 03 03 02 04 -9 03 03 02 02 03 04 02 04 02 -9 02 01 01 01 02 04 01 02 01 03 02 02 01 03 03 03 01 01 04 02 03
FLAL01II	2	03 03 02 01 03 03 02 03 01 02 04 02 02 01 03 03 04 04 01 02 04 02 02 01 -9 03 04 03 04 03 01 01 -9 02 03 03 01 04 04 04 01 04 01 03 -9 04 01 -9 -9 02 02 03 03 03 01 -9 03 04 03 -9 03 01 02 03 03 03 02 04 -9 03 03 02 02 03 04 02 04 02 -9 02 01 01 01 02 04 01 02 01 03 02 02 01 03 03 03 01 01 04 02 03
FLAL02	2	03 03 02 01 03 03 02 03 01 02 04 02 02 01 03 03 04 04 01 02 04 02 02 01 01 03 04 03 04 03 01 01 -9 02 03 03 01 04 04 04 01 04 01 03 03 04 01 03 03 02 02 03 03 03 01 02 03 04 03 03 03 01 02 03 03 03 02 04 02 03 03 02 02 03 04 02 04 02 01 02 01 01 01 02 04 01 02 01 03 02 -9 01 03 03 03 01 01 04 02 03
FLAL02	2	03 03 02 01 03 03 02 03 01 02 04 02 02 01 03 03 04 04 01 02 04 02 02 01 01 03 04 03 04 03 01 01 -9 02 03 03 01 04 04 04 01 04 01 03 03 04 01 03 03 02 02 03 03 03 01 02 03 04 03 03 03 01 02 03 03 03 02 04 02 03 03 02 02 03 04 02 04 02 01 02 01 01 01 02 04 01 02 01 03 02 -9 01 03 03 03 01 01 04 02 03
FLAL02II	2	03 03 02 01 03 03 02 03 01 02 04 02 02 01 03 03 04 04 01 02 04 02 02 01 01 03 04 03 04 03 01 01 04 02 03 03 01 04 04 04 01 04 01 -9 03 04 01 03 03 02 02 03 03 03 01 02 03 04 03 03 03 01 02 03 03 03 02 04 02 03 03 02 02 03 04 02 04 02 01 02 01 01 01 02 04 01 02 01 03 02 02 01 03 03 03 01 01 04 02 03
FLAL02II	2	03 03 02 01 03 03 02 03 01 02 04 02 02 01 03 03 04 04 01 02 04 02 02 01 01 03 04 03 04 03 01 01 04 02 03 03 01 04 04 04 01 04 01 -9 03 04 01 03 03 02 02 03 03 03 01 02 03 04 03 03 03 01 02 03 03 03 02 04 02 03 03 02 02 03 04 02 04 02 01 02 01 01 01 02 04 01 02 01 03 02 02 01 03 03 03 01 01 04 02 03
FLAL03	2	03 03 02 01 03 03 02 03 01 02 04 02 02 01 03 03 04 04 -9 02 04 02 02 01 01 03 04 03 04 03 01 01 04 02 03 03 01 04 04 04 01 04 01 -9 03 04 01 03 03 02 02 03 03 03 01 02 03 03 03 03 03 01 02 03 03 03 02 04 02 03 03 02 02 03 04 02 04 02 01 02 01 01 01 02 04 01 02 01 03 02 02 01 03 03 03 01 01 04 02 03
FLAL03	2	03 03 02 01 03 03 02 03 01 02 04 02 02 01 03 03 04 04 -9 02 04 02 02 01 01 03 04 03 04 03 01 01 04 02 03 03 01 04 04 04 01 04 01 -9 03 04 01 03 03 02 02 03 03 03 01 02 03 04 03 03 03 01 02 03 03 03 02 04 02 03 03 02 02 03 04 02 04 02 01 02 01 01 01 02 04 01 02 01 03 02 02 01 03 03 03 01 01 04 02 03
FLAL04	2	03 03 02 01 03 03 02 03 01 02 04 02 02 01 03 03 04 04 01 02 04 02 02 01 01 03 04 03 04 03 01 01 04 02 03 03 01 04 04 04 01 04 01 03 03 04 01 03 03 02 02 03 03 03 01 02 03 04 03 03 03 01 02 03 03 03 02 04 02 03 03 02 02 03 04 02 04 02 01 02 01 01 01 02 04 01 02 01 03 02 02 01 03 03 03 01 01 04 02 03
FLAL04	2	03 03 02 01 03 03 02 03 01 02 04 02 02 01 03 03 04 04 01 02 04 02 02 01 01 03 04 03 04 03 01 01 04 02 03 03 01 04 04 04 01 04 01 03 03 04 01 03 03 02 02 03 03 03 01 02 03 04 03 03 03 01 02 03 03 03 02 04 02 03 03 02 02 03 04 02 04 02 01 02 01 01 01 02 04 01 02 01 03 02 02 01 03 03 03 01 01 04 02 03
FLAL04II	2	03 03 02 01 03 03 02 03 01 02 04 02 02 01 03 03 04 04 01 02 04 02 02 01 01 03 04 03 04 03 01 01 04 02 03 03 01 04 04 04 01 04 01 03 03 04 01 03 03 02 02 03 03 03 01 02 03 -9 03 03 03 01 02 03 03 03 02 04 02 03 03 02 02 03 04 02 04 02 01 02 01 01 01 02 04 01 02 01 03 02 02 01 03 03 03 01 01 04 02 03
FLAL04II	2	03 03 02 01 03 03 02 03 01 02 04 02 02 01 03 03 04 04 01 02 04 02 02 01 01 03 04 03 04 03 01 01 04 02 03 03 01 04 04 04 01 04 01 03 03 04 01 03 03 02 02 03 03 03 01 02 03 -9 03 03 03 01 02 03 03 03 02 04 02 03 03 02 02 03 04 02 04 02 01 02 01 01 01 02 04 01 02 01 03 02 02 01 03 03 03 01 01 04 02 03
FLF17	2	03 03 02 01 03 03 02 03 01 02 04 02 02 01 03 03 04 04 01 02 04 02 02 01 01 03 04 03 04 03 01 01 04 02 03 03 01 04 04 04 -9 04 01 03 03 04 01 03 03 02 02 03 03 03 01 02 03 04 03 -9 03 01 02 03 03 03 02 04 02 03 03 02 02 03 04 02 -9 02 01 02 01 01 01 02 04 01 02 01 03 02 02 01 03 03 03 01 01 04 02 03
FLF17	2	03 03 02 01 03 03 02 03 01 02 04 02 02 01 03 03 04 04 01 02 04 02 02 01 01 03 04 03 04 03 01 01 04 02 03 03 01 04 04 04 -9 04 01 03 03 04 01 03 03 02 02 03 03 03 01 02 03 04 03 -9 03 01 02 03 03 03 02 04 02 03 03 02 02 03 04 02 -9 02 01 02 01 01 01 02 04 03 02 01 03 02 02 01 03 03 03 01 01 04 02 03
FLM10	2	03 03 02 01 03 03 02 03 01 02 04 02 02 01 03 03 04 04 01 02 04 02 02 01 01 03 04 03 04 03 01 01 04 02 03 03 01 04 04 04 01 04 01 03 03 04 01 03 03 02 02 03 03 03 01 02 03 04 03 03 03 01 02 03 03 03 02 04 02 03 03 02 02 03 04 02 04 02 01 02 01 01 01 02 04 01 02 01 03 02 02 01 03 03 03 01 01 04 02 03
FLM10	2	03 03 02 01 03 03 02 03 01 02 04 02 02 01 03 03 04 04 01 02 04 02 02 01 01 03 04 03 04 03 01 01 04 02 03 03 01 04 04 04 01 04 01 03 03 04 01 03 03 02 02 03 03 03 01 02 03 04 03 03 03 01 02 03 03 03 02 04 02 03 03 02 02 03 04 02 04 02 01 02 01 01 01 02 04 03 02 01 03 02 02 01 03 03 03 01 01 04 02 03
FLM12	2	03 03 02 01 03 03 02 03 01 02 04 02 02 01 03 03 04 04 01 02 04 02 02 01 01 03 04 03 04 03 01 01 04 02 03 03 01 04 04 04 01 04 01 03 03 04 01 03 03 02 02 03 03 03 01 02 03 04 03 03 03 01 02 03 03 03 02 04 02 03 03 02 02 03 04 02 04 02 01 02 01 01 01 02 04 01 02 01 03 02 02 01 03 03 03 01 01 04 02 03
FLM12	2	03 03 02 01 03 03 02 03 01 02 04 02 02 01 03 03 04 04 01 02 04 02 02 01 01 03 04 03 04 03 01 01 04 02 03 03 01 04 04 04 01 04 01 03 03 04 01 03 03 02 02 03 03 03 01 02 03 04 03 03 03 01 02 03 03 03 02 04 02 03 03 02 02 03 04 02 04 02 01 02 01 01 01 02 04 01 02 01 03 02 02 01 03 03 03 01 01 04 02 03
FLM13	2	03 03 02 01 03 03 02 03 01 02 04 02 02 01 03 03 04 04 01 02 04 02 02 01 01 03 04 03 04 03 01 01 04 02 03 03 01 04 04 04 01 04 01 03 03 04 01 03 03 02 02 03 03 03 01 02 03 04 03 03 03 01 02 03 03 03 02 04 02 03 03 02 02 03 04 02 04 02 01 02 01 01 01 02 04 01 02 01 03 02 02 01 03 03 03 01 01 04 02 03
FLM13	2	03 03 02 01 03 03 02 03 01 02 04 02 02 01 03 03 04 04 01 02 04 02 02 01 01 03 04 03 04 03 01 01 04 02 03 03 01 04 04 04 01 04 01 03 03 04 01 03 03 02 02 03 03 03 01 02 03 04 03 03 03 01 02 03 03 03 02 04 02 03 03 02 02 03 04 02 04 02 01 02 01 01 01 02 04 01 02 01 03 02 02 01 03 03 03 01 01 04 02 03
FLM15	2	03 03 02 01 03 03 02 03 01 02 04 02 02 01 03 03 04 04 01 02 04 02 02 01 01 03 04 03 04 03 01 01 04 02 03 03 01 04 04 04 01 04 01 03 03 04 01 03 03 02 02 03 03 03 01 02 03 04 03 03 03 01 02 03 03 03 02 04 02 03 03 02 02 03 04 02 04 02 01 02 01 01 01 02 04 01 02 01 03 02 02 01 03 03 03 01 01 04 02 03
FLM15	2	03 03 02 01 03 03 02 03 01 02 04 02 02 01 03 03 04 04 01 02 04 02 02 01 01 03 04 03 04 03 01 01 04 02 03 03 01 04 04 04 01 04 01 03 03 04 01 03 03 02 02 03 03 03 01 02 03 04 03 03 03 01 02 03 03 03 02 04 02 03 03 02 02 03 04 02 04 02 01 02 01 01 01 02 04 03 02 01 03 02 02 01 03 03 03 01 01 04 02 03
MATT01	3	01 03 02 03 01 03 03 03 02 03 04 01 02 03 02 01 02 02 01 04 03 02 04 03 01 03 04 01 04 01 04 -9 02 01 01 02 03 04 04 03 02 04 03 02 01 03 03 01 -9 03 01 01 03 01 03 03 04 04 01 03 04 04 01 01 04 02 04 02 01 03 03 04 04 01 04 04 04 04 03 -9 02 03 02 04 02 03 01 03 01 04 02 03 01 02 02 01 01 02 04 03
MATT01	3	01 03 04 03 01 03 03 03 02 03 04 01 02 03 02 01 02 02 01 04 03 04 04 03 02 03 04 01 04 01 04 -9 02 02 01 02 03 04 04 03 02 04 03 02 03 03 03 01 -9 03 01 01 03 01 03 03 04 04 01 03 04 04 02 01 04 02 04 02 01 03 03 04 04 01 04 04 04 04 03 -9 02 03 02 04 02 03 01 03 01 04 02 03 01 02 02 01 01 02 04 03
MATT02	3	01 03 02 03 01 03 03 03 02 03 04 01 02 03 02 01 02 02 01 04 03 02 02 03 01 03 04 01 04 01 04 -9 02 02 01 02 03 04 04 03 01 04 03 02 03 03 03 01 03 03 01 01 03 01 03 03 04 04 01 03 04 04 01 01 04 02 04 02 01 03 03 04 04 01 04 04 04 04 03 02 02 03 02 04 02 03 01 03 01 04 02 03 01 02 02 01 01 02 04 03
MATT02	3	01 03 02 03 01 03 03 03 02 03 04 01 02 03 02 01 02 02 01 04 03 02 04 03 01 03 04 01 04 01 04 -9 02 02 01 02 03 04 04 03 01 04 03 02 03 03 03 01 03 03 01 01 03 01 03 03 04 04 01 03 04 04 01 01 04 02 04 02 01 03 03 04 04 01 04 04 04 04 03 02 02 03 02 04 02 03 01 03 03 04 02 03 01 02 02 01 01 02 04 03
MATT03	3	01 03 02 03 01 03 03 03 02 03 02 01 02 03 02 01 02 02 01 -9 03 02 04 03 01 01 04 01 04 01 04 03 02 02 01 02 03 02 04 03 01 04 03 02 03 03 03 01 03 03 01 01 03 01 03 03 04 04 01 03 04 04 01 01 04 02 04 02 01 03 01 04 04 01 04 04 04 04 03 02 02 03 02 04 02 03 01 03 01 04 02 03 01 02 02 01 01 02 04 02
MATT03	3	01 03 04 03 01 03 03 03 02 03 04 01 04 03 02 01 02 02 01 -9 03 04 04 03 01 03 04 01 04 01 04 03 02 02 01 02 03 04 04 03 01 04 03 02 03 03 03 01 03 03 01 01 03 01 03 03 04 04 01 03 04 04 01 01 04 02 04 02 01 03 03 04 04 01 04 04 04 04 03 02 02 03 02 04 02 03 01 03 01 04 04 03 01 02 02 01 01 02 04 03
MATT04	3	01 03 02 03 01 03 03 03 02 03 04 01 02 03 02 01 02 02 01 04 03 02 04 03 01 01 01 01 04 01 04 03 02 02 01 02 03 04 04 03 01 04 03 02 03 03 03 01 03 03 01 01 03 01 03 03 04 04 01 03 04 04 01 01 04 02 04 02 01 03 01 04 04 01 04 04 04 04 03 02 02 03 02 04 02 03 01 -9 01 04 02 03 01 02 02 01 01 02 04 03
MATT04	3	01 03 02 03 01 03 03 03 02 03 04 01 04 03 02 01 02 02 01 04 03 02 04 03 01 03 01 01 04 01 04 03 02 02 01 02 03 04 04 03 02 04 03 02 03 03 03 01 03 03 01 01 03 01 03 03 04 04 01 03 04 04 01 01 04 02 04 02 01 03 03 04 04 01 04 04 04 04 03 02 02 03 02 04 02 03 01 -9 01 04 04 03 01 02 02 01 04 02 04 03
MATT05	3	01 03 02 03 01 03 03 03 02 03 04 01 02 03 02 01 02 02 01 04 03 02 04 03 01 03 04 01 02 01 04 03 02 02 01 02 03 04 04 03 01 04 03 02 03 03 03 01 03 03 01 01 03 01 03 03 04 04 01 03 04 04 01 01 04 02 04 02 01 03 03 04 04 01 04 04 04 04 03 02 02 03 02 04 02 03 01 03 01 04 02 03 01 02 02 01 01 02 04 02
MATT05	3	01 03 04 03 01 03 03 03 02 03 04 01 02 03 02 01 02 02 03 04 03 04 04 03 01 03 04 01 04 01 04 03 02 02 01 02 03 04 04 03 01 04 03 02 03 03 03 01 03 03 01 01 03 01 03 03 04 04 01 03 04 04 01 01 04 02 04 02 01 03 03 04 04 01 04 04 04 04 03 02 02 03 02 04 02 03 01 03 01 04 02 03 01 02 02 01 01 02 04 03
MATT06	3	01 02 02 03 01 03 03 03 02 03 04 01 02 03 02 01 02 02 01 04 03 02 04 03 01 03 04 01 04 01 04 -9 02 02 -9 02 03 04 04 03 01 04 03 02 03 03 03 01 03 03 01 01 03 -9 03 03 04 04 -9 03 04 04 01 01 04 02 04 02 01 03 03 04 04 01 04 04 04 04 03 02 02 03 02 04 02 03 01 -9 01 04 02 03 01 02 02 01 01 02 04 02
MATT06	3	01 03 02 03 01 03 03 03 02 03 04 01 02 03 02 01 02 02 01 04 03 02 04 03 02 03 04 01 04 01 04 -9 02 02 -9 02 03 04 04 03 01 04 03 02 03 03 03 01 03 03 01 01 03 -9 03 03 04 04 -9 03 04 04 01 01 04 02 04 02 01 03 03 04 04 01 04 04 04 04 03 02 02 03 02 04 02 03 01 -9 01 04 02 03 01 02 02 01 01 02 04 03
MATT07	3	01 03 02 03 01 03 03 03 02 03 04 01 02 03 02 01 02 02 01 04 03 02 04 03 01 03 04 01 04 01 04 -9 02 02 01 02 03 04 01 03 01 03 03 02 03 03 03 01 03 03 01 01 03 01 03 03 04 04 01 03 04 04 01 01 04 02 04 02 01 03 01 04 04 01 04 04 03 04 03 02 02 03 02 04 02 03 01 03 01 04 02 03 01 02 02 01 01 02 04 03
MATT07	3	01 03 02 03 01 03 03 03 02 03 04 01 02 03 02 01 02 02 01 04 03 02 04 03 02 03 04 01 04 01 04 -9 02 02 01 02 03 04 04 03 02 04 03 02 03 03 03 01 03 03 01 01 03 01 03 03 04 04 01 03 04 04 01 01 04 02 04 02 01 03 03 04 04 01 04 04 04 04 03 02 02 03 02 04 02 03 01 03 01 04 04 03 01 02 02 01 01 02 04 03
MATT08	3	01 03 04 03 01 03 03 03 02 03 04 01 02 03 02 01 02 02 01 04 03 02 04 03 01 03 04 01 04 01 04 -9 02 02 01 02 03 04 04 03 01 04 03 02 03 03 03 01 03 03 01 01 03 01 03 03 04 04 01 03 04 04 01 01 04 -9 04 02 01 03 03 04 04 01 04 04 04 04 03 02 02 03 02 04 02 03 01 03 01 04 02 03 01 02 02 01 01 02 04 03
MATT08	3	01 03 04 03 01 03 03 03 02 03 04 01 02 03 02 01 02 02 01 04 03 04 04 03 01 03 04 01 04 01 04 -9 02 02 01 02 03 04 04 03 01 04 03 02 03 03 03 01 03 03 01 01 03 01 03 03 04 04 01 03 04 04 01 01 04 -9 04 02 01 03 03 04 04 01 04 04 04 04 03 02 02 03 02 04 02 03 01 03 01 04 02 03 01 02 02 01 01 02 04 03
MATT09	3	01 03 02 03 01 03 03 03 02 03 04 01 02 03 02 01 02 -9 01 04 03 02 04 -9 01 03 04 01 04 01 04 03 02 01 01 02 03 02 04 03 01 04 03 02 03 03 03 01 -9 03 01 01 03 01 03 03 04 04 01 03 04 04 01 01 04 02 04 02 01 03 01 04 04 01 04 -9 04 04 03 02 02 03 02 04 02 03 01 -9 01 04 02 03 01 02 02 01 01 02 02 03
MATT09	3	01 03 02 03 01 03 03 03 02 03 04 01 04 03 02 01 02 -9 01 04 03 02 04 -9 01 03 04 01 04 01 04 03 02 02 01 02 03 04 04 03 01 04 03 02 03 03 03 01 -9 03 01 01 03 01 03 03 04 04 01 03 04 04 01 01 04 02 04 02 01 03 03 04 04 01 04 -9 04 04 03 02 02 03 02 04 02 03 01 -9 01 04 04 03 01 02 02 01 01 02 02 03
MATT10	3	01 03 02 03 01 03 03 03 02 03 04 01 02 03 02 01 02 02 01 04 03 02 04 03 01 03 04 01 04 01 04 03 02 02 01 02 03 04 04 03 01 04 03 02 -9 03 03 01 03 03 01 01 03 01 03 03 04 03 01 03 04 04 01 01 04 02 04 02 01 03 03 04 04 01 04 02 04 04 03 -9 02 03 02 04 02 03 01 -9 01 04 02 03 01 02 02 01 01 02 04 03
MATT10	3	01 03 04 03 01 03 03 03 02 03 04 01 02 03 02 01 02 02 03 04 03 04 04 03 02 03 04 01 04 01 04 03 02 02 01 02 03 04 04 03 01 04 03 02 -9 03 03 01 03 03 01 01 03 01 03 03 04 04 01 03 04 04 01 01 04 02 04 02 01 03 03 04 04 01 04 04 04 04 03 -9 02 03 02 04 02 03 01 -9 01 04 02 03 01 02 02 01 01 02 04 03
Mill17	3	01 03 02 03 01 03 03 03 02 -9 02 01 02 03 02 -9 02 02 01 04 03 02 04 03 01 01 04 -9 04 01 -9 03 02 02 -9 -9 03 04 04 03 01 04 -9 02 03 03 03 01 03 03 01 -9 03 01 03 03 04 -9 01 03 04 04 01 01 04 02 04 -9 01 03 01 04 04 01 04 04 04 04 03 02 02 03 02 04 02 03 01 03 01 04 02 03 -9 02 02 01 01 02 02 02
Mill17	3	01 03 02 03 01 03 03 03 02 -9 04 01 04 03 02 -9 02 02 01 04 03 02 04 03 01 01 04 -9 04 01 -9 03 02 02 -9 -9 03 04 04 03 01 04 -9 02 03 03 03 01 03 03 01 -9 03 01 03 03 04 -9 01 03 04 04 01 01 04 02 04 -9 01 03 03 04 04 01 04 04 04 04 03 02 02 03 02 04 02 03 01 03 01 04 02 03 -9 02 02 01 01 02 04 03
Mill18	3	01 03 02 03 01 03 03 03 02 03 02 01 02 03 02 -9 02 02 01 04 03 02 04 03 01 03 04 01 04 01 04 03 02 02 01 02 03 04 04 03 01 04 03 02 03 03 03 01 03 03 01 01 03 01 03 03 04 04 01 03 04 04 01 01 04 02 04 02 01 03 03 04 04 01 04 04 -9 04 03 02 02 03 02 04 02 03 01 03 01 04 02 03 01 02 02 -9 01 02 04 03
Mill18	3	01 03 02 03 01 03 03 03 02 03 02 01 02 03 02 -9 02 02 01 04 03 02 04 03 01 03 04 01 04 01 04 03 02 02 01 02 03 04 04 03 01 04 03 02 03 03 03 01 03 03 01 01 03 01 03 03 04 04 01 03 04 04 01 01 04 02 04 02 01 03 03 04 04 01 04 04 -9 04 03 02 02 03 02 04 04 03 01 03 01 04 02 03 01 02 02 -9 01 02 04 03
Mill22	3	01 03 02 03 01 03 03 03 -9 03 02 01 02 03 02 01 02 02 01 04 03 02 04 03 01 03 04 01 04 01 04 03 02 02 01 02 03 04 04 03 01 04 03 -9 03 03 03 01 03 03 01 01 03 01 03 03 04 04 01 -9 04 04 01 01 04 02 04 02 01 03 03 04 04 01 04 04 04 04 03 02 02 03 02 04 02 03 01 03 01 04 02 03 01 02 02 01 01 02 04 03
Mill22	3	01 03 02 03 01 03 03 03 -9 03 02 01 02 03 02 01 02 02 01 04 03 02 04 03 01 03 04 01 04 01 04 03 02 02 01 02 03 04 04 03 02 04 03 -9 03 03 03 01 03 03 01 01 03 01 03 03 04 04 01 -9 04 04 01 01 04 02 04 02 01 03 03 04 04 03 04 04 04 04 03 02 02 03 02 04 02 03 01 03 01 04 02 03 01 02 02 01 01 02 04 03
NB07	3	01 03 02 03 01 03 03 03 02 03 04 01 02 03 02 01 02 02 01 04 03 02 04 03 01 03 04 01 04 01 04 03 02 02 01 02 03 04 04 03 01 04 03 02 03 03 03 01 03 03 01 01 01 01 03 03 04 04 01 03 04 04 01 01 04 02 04 02 01 03 03 04 04 01 04 04 04 04 01 02 02 03 02 04 02 03 01 -9 01 04 02 03 01 02 02 01 01 02 04 03
NB07	3	01 03 02 03 01 03 03 03 02 03 04 01 02 03 02 01 02 02 01 04 03 02 04 03 02 03 04 01 04 01 04 03 02 02 01 02 03 04 04 03 01 04 03 02 03 03 03 01 03 03 01 01 03 01 03 03 04 04 01 03 04 04 01 01 04 02 04 02 01 03 03 04 04 01 04 04 04 04 03 02 02 03 02 04 02 03 01 -9 01 04 02 03 01 02 02 01 01 02 04 03
NB11	3	01 03 02 03 01 03 03 03 02 03 04 01 02 03 02 01 02 02 01 04 03 02 04 -9 01 03 04 01 04 01 04 03 02 02 01 02 03 04 04 03 01 04 03 02 03 03 03 01 03 03 01 01 03 01 03 03 04 04 01 03 04 04 01 01 04 02 04 02 01 03 03 04 04 01 04 04 04 04 03 02 02 03 02 04 02 03 01 03 01 04 02 03 01 02 02 01 01 02 04 03
NB11	3	01 03 02 03 01 03 03 03 02 03 04 01 02 03 02 01 02 02 01 04 03 02 04 -9 01 03 04 01 04 01 04 03 02 02 01 02 03 04 04 03 01 04 03 02 03 03 03 01 03 03 01 01 03 01 03 03 04 04 01 03 04 04 01 01 04 02 04 02 01 03 03 04 04 01 04 04 04 04 03 02 02 03 02 04 02 03 01 03 01 04 02 03 01 02 02 01 01 02 04 03
NB12	3	01 03 02 03 01 03 03 03 02 03 04 01 02 03 02 01 02 02 01 04 03 02 02 -9 01 03 04 01 04 01 04 03 02 02 01 02 03 04 04 03 01 04 03 02 03 03 03 01 03 03 01 01 03 01 03 03 04 04 01 03 04 04 01 01 04 02 04 02 01 03 03 04 04 01 04 04 04 04 03 02 02 03 02 04 02 03 01 03 01 04 02 03 01 02 02 01 01 02 04 02
NB12	3	01 03 02 03 01 03 03 03 02 03 04 01 02 03 02 01 02 02 03 04 03 02 04 -9 01 03 04 01 04 01 04 03 02 02 01 02 03 04 04 03 01 04 03 02 03 03 03 01 03 03 01 01 03 01 03 03 04 04 01 03 04 04 01 01 04 02 04 02 01 03 03 04 04 01 04 04 04 04 03 02 02 03 02 04 02 03 01 03 01 04 02 03 01 02 02 01 01 02 04 03
NB13	3	01 03 02 03 01 03 03 03 02 03 04 01 02 03 02 01 02 -9 01 -9 03 02 04 03 01 03 04 01 04 01 04 03 02 02 01 02 03 04 04 03 01 04 03 02 03 03 03 01 03 03 01 01 03 01 03 03 04 04 01 03 04 04 01 01 04 02 04 02 01 03 03 04 04 01 04 04 04 04 03 -9 02 03 02 04 02 03 01 03 01 -9 02 03 01 02 02 01 01 02 04 03
NB13	3	01 03 02 03 01 03 03 03 02 03 04 01 02 03 02 01 02 -9 01 -9 03 02 04 03 01 03 04 01 04 01 04 03 02 02 01 02 03 04 04 03 01 04 03 02 03 03 03 01 03 03 01 01 03 01 03 03 04 04 01 03 04 04 01 01 04 02 04 02 01 03 03 04 04 01 04 04 04 04 03 -9 02 03 02 04 02 03 01 03 01 -9 02 03 01 02 02 01 01 02 04 03
NB19	3	01 03 02 03 01 03 03 03 02 03 04 01 02 03 02 01 02 02 01 04 03 02 04 -9 01 03 04 01 04 01 04 03 02 02 01 02 03 04 04 03 01 04 03 02 03 03 03 01 03 03 01 01 03 01 03 03 04 04 01 03 04 04 01 01 04 02 04 02 01 03 03 04 04 01 04 04 04 04 03 02 02 03 02 04 02 03 01 03 01 04 02 03 01 02 02 01 01 02 04 02
NB19	3	01 03 02 03 01 03 03 03 02 03 04 01 02 03 02 01 02 02 01 04 03 02 04 -9 02 03 04 01 04 01 04 03 02 02 01 02 03 04 04 03 01 04 03 02 03 03 03 01 03 03 01 01 03 01 03 03 04 04 01 03 04 04 01 01 04 02 04 02 01 03 03 04 04 01 04 04 04 04 03 02 02 03 02 04 02 03 01 03 01 04 02 03 01 02 02 01 01 02 04 03
NBM01	3	01 03 02 03 01 03 03 03 02 03 04 01 02 03 02 01 02 02 01 -9 03 02 04 03 01 03 04 01 04 01 04 03 02 02 01 02 03 04 04 03 01 04 03 02 03 03 03 01 03 03 01 01 01 01 03 03 04 04 01 03 04 04 01 01 04 02 04 02 01 03 03 04 04 01 04 04 04 04 03 02 02 03 02 04 02 03 01 03 01 04 02 03 01 02 02 01 01 02 04 03
NBM01	3	01 03 02 03 01 03 03 03 02 03 04 01 02 03 02 01 02 02 01 -9 03 02 04 03 01 03 04 01 04 01 04 03 02 02 01 02 03 04 04 03 01 04 03 02 03 03 03 03 03 03 01 01 03 01 03 03 04 04 01 03 04 04 01 01 04 02 04 02 01 03 03 04 04 01 04 04 04 04 03 02 02 03 02 04 02 03 01 03 01 04 02 03 01 02 02 01 01 02 04 03
Otter12	3	01 02 02 03 01 03 03 03 02 03 04 01 02 03 02 01 02 02 01 04 03 02 02 -9 -9 03 04 01 04 01 04 03 02 02 01 02 03 04 04 03 01 04 03 02 03 03 03 01 03 03 01 01 03 01 03 03 04 04 01 03 04 04 01 01 04 02 04 -9 01 03 03 04 04 01 04 02 03 04 03 02 02 03 02 04 02 03 01 03 01 04 02 03 01 02 02 01 01 02 -9 03
Otter12	3	01 03 02 03 01 03 03 03 02 03 04 01 02 03 02 01 02 02 03 04 03 02 04 -9 -9 03 04 01 04 01 04 03 02 02 01 02 03 04 04 03 01 04 03 02 03 03 03 01 03 03 01 01 03 01 03 03 04 04 01 03 04 04 01 01 04 02 04 -9 01 03 03 04 04 01 04 04 03 04 03 02 02 03 02 04 02 03 01 03 01 04 02 03 01 02 02 01 01 02 -9 03
Otter13	3	01 03 02 03 01 03 03 03 02 03 04 01 02 03 02 01 02 02 01 04 03 02 04 -9 01 03 04 01 04 01 04 03 02 02 01 02 03 04 04 03 01 04 03 02 03 03 03 01 03 03 01 01 03 01 03 03 04 04 -9 03 04 04 01 01 04 02 04 02 01 03 03 04 04 01 04 04 04 04 03 02 02 03 02 -9 02 03 01 03 01 04 02 03 01 02 02 01 01 02 04 03
Otter13	3	01 03 02 03 01 03 03 03 02 03 04 01 02 03 02 01 02 02 01 04 03 02 04 -9 01 03 04 01 04 01 04 03 02 02 01 02 03 04 04 03 01 04 03 02 03 03 03 01 03 03 01 01 03 01 03 03 04 04 -9 03 04 04 01 01 04 02 04 02 01 03 03 04 04 01 04 04 04 04 03 02 02 03 02 -9 02 03 01 03 01 04 02 03 01 02 02 01 01 02 04 03
Otter16	3	01 03 02 03 01 03 03 03 02 03 04 01 02 03 02 01 02 02 01 04 03 02 04 03 01 03 04 01 04 01 04 03 02 02 01 02 03 04 04 03 01 04 03 02 03 03 03 01 03 03 01 01 01 01 03 03 04 04 01 03 04 04 01 01 04 02 04 02 01 03 03 04 04 01 04 04 04 04 03 02 02 03 02 -9 02 03 01 03 01 04 02 03 01 02 02 01 01 02 04 -9
Otter16	3	01 03 04 03 01 03 03 03 02 03 04 01 02 03 02 01 02 02 03 04 03 04 04 03 01 03 04 01 04 01 04 03 02 02 01 02 03 04 04 03 02 04 03 02 03 03 03 01 03 03 01 01 03 01 03 03 04 04 01 03 04 04 01 01 04 02 04 02 01 03 03 04 04 01 04 04 04 04 03 02 02 03 02 -9 02 03 01 03 01 04 02 03 01 02 02 01 01 02 04 -9
Otter17	3	01 03 02 03 01 01 03 03 02 03 04 01 02 03 02 01 02 02 01 04 03 02 04 03 01 03 04 01 04 01 04 03 02 02 01 02 03 04 04 03 01 04 03 02 03 03 03 01 03 03 01 01 03 01 03 03 04 04 01 03 04 04 01 01 04 02 04 02 01 03 03 04 04 01 04 04 04 04 03 02 02 03 02 04 02 03 01 03 01 04 02 03 01 02 02 01 01 02 04 03
Otter17	3	01 03 02 03 03 03 03 03 02 03 04 01 02 03 02 01 02 02 01 04 03 02 04 03 01 03 04 01 04 01 04 03 02 02 01 02 03 04 04 03 01 04 03 02 03 03 03 01 03 03 01 01 03 01 03 03 04 04 01 03 04 04 01 01 04 02 04 02 01 03 03 04 04 01 04 04 04 04 03 02 02 03 02 04 02 03 01 03 01 04 02 03 01 02 02 01 01 02 04 03
Otter19	3	01 03 02 03 01 03 03 03 02 03 04 01 02 03 02 01 02 02 01 04 03 02 04 03 01 03 04 01 04 01 04 03 02 02 01 02 03 04 04 03 01 04 03 02 01 03 03 01 03 03 01 01 03 01 03 03 04 04 01 03 04 04 01 01 04 02 04 02 01 03 03 04 04 01 04 04 04 04 03 02 02 03 02 04 02 03 01 03 01 04 02 03 01 02 02 01 01 02 04 03
Otter19	3	01 03 02 03 01 03 03 03 02 03 04 01 02 03 02 01 02 02 01 04 03 02 04 03 01 03 04 01 04 01 04 03 02 02 01 02 03 04 04 03 01 04 03 02 03 03 03 03 03 03 01 01 03 01 03 03 04 04 01 03 04 04 01 01 04 02 04 02 01 03 03 04 04 01 04 04 04 04 03 02 02 03 02 04 02 03 01 03 01 04 02 03 01 02 02 01 01 02 04 03
Otter21	3	01 03 02 03 01 03 -9 02 02 03 04 01 02 03 02 01 02 02 01 -9 03 02 04 03 01 03 04 01 04 01 04 03 02 02 01 02 03 04 04 03 01 04 03 02 03 03 03 01 03 03 01 01 03 01 03 03 04 04 01 03 04 04 01 01 04 02 04 02 01 03 03 04 02 01 04 04 03 04 03 02 02 03 02 04 02 03 01 03 01 04 02 03 01 02 02 01 01 02 04 03
Otter21	3	01 03 02 03 01 03 -9 03 02 03 04 01 02 03 02 01 02 02 01 -9 03 02 04 03 01 03 04 01 04 03 04 03 02 02 01 02 03 04 04 03 01 04 03 02 03 03 03 01 03 03 01 01 03 01 03 03 04 04 01 03 04 04 01 01 04 02 04 02 01 03 03 04 04 01 04 04 04 04 03 02 02 03 02 04 02 03 01 03 01 04 02 03 01 02 02 01 01 02 04 03
Otter23	3	01 03 02 03 01 03 03 03 02 03 04 01 02 03 02 01 02 02 01 04 03 02 04 03 01 03 01 01 04 01 04 -9 02 02 01 02 03 04 04 03 01 04 03 02 03 03 03 01 03 03 01 01 01 01 03 03 04 04 01 03 04 04 01 01 04 02 04 02 01 03 01 04 04 01 04 04 03 04 01 02 02 03 02 04 02 03 -9 03 01 04 02 03 01 02 02 01 01 02 04 03
Otter23	3	01 03 02 03 01 03 03 03 02 03 04 01 02 03 02 01 02 02 01 04 03 02 04 03 01 03 04 01 04 01 04 -9 02 02 01 02 03 04 04 03 01 04 03 02 03 03 03 01 03 03 01 01 03 01 03 03 04 04 01 03 04 04 01 01 04 02 04 02 01 03 03 04 04 01 04 04 04 04 03 02 02 03 02 04 02 03 -9 03 01 04 04 03 01 02 02 01 01 02 04 03
Otter4	3	01 03 02 03 01 03 03 03 02 03 02 01 02 03 02 01 02 02 01 04 03 02 04 03 01 03 -9 01 04 01 04 -9 02 02 01 02 03 04 04 03 -9 04 03 -9 03 03 03 01 03 03 01 -9 03 01 03 03 04 -9 01 03 04 04 01 01 04 02 04 02 -9 03 03 04 04 01 04 04 04 04 03 02 02 03 02 04 -9 03 01 03 01 -9 02 03 01 02 02 01 01 02 04 03
Otter4	3	01 03 02 03 01 03 03 03 02 03 04 01 02 03 02 01 02 02 01 04 03 02 04 03 01 03 -9 01 04 01 04 -9 02 02 01 02 03 04 04 03 -9 04 03 -9 03 03 03 01 03 03 01 -9 03 01 03 03 04 -9 01 03 04 04 01 01 04 02 04 02 -9 03 03 04 04 01 04 04 04 04 03 02 02 03 02 04 -9 03 01 03 01 -9 02 03 01 02 02 01 01 02 04 03
Otter5	3	01 02 02 03 01 03 03 03 02 03 04 01 02 03 02 01 02 02 01 04 03 02 04 03 01 03 01 01 04 01 04 03 02 02 01 02 03 04 04 03 01 04 03 02 03 03 03 01 03 03 01 01 03 01 03 03 04 04 01 03 04 04 01 01 04 02 04 02 01 03 03 04 04 01 04 04 04 04 03 02 02 03 02 04 02 03 01 03 01 04 02 03 01 02 02 01 01 02 04 03
Otter5	3	01 03 02 03 01 03 03 03 02 03 04 01 02 03 02 01 02 02 01 04 03 02 04 03 01 03 04 01 04 01 04 03 02 02 01 02 03 04 04 03 01 04 03 02 03 03 03 01 03 03 01 01 03 01 03 03 04 04 01 03 04 04 01 01 04 02 04 02 01 03 03 04 04 01 04 04 04 04 03 02 02 03 02 04 02 03 01 03 01 04 02 03 01 02 02 01 01 02 04 03
Otter6	3	01 03 02 03 01 03 03 02 -9 03 04 01 02 03 02 01 02 -9 01 04 03 02 04 03 01 03 04 01 04 01 04 03 02 02 -9 02 03 04 04 03 01 03 03 02 03 03 -9 01 03 -9 01 01 03 01 03 03 04 04 01 03 04 04 01 01 04 02 04 02 01 03 03 04 04 01 04 04 04 04 03 02 02 03 02 -9 02 03 01 03 01 04 02 03 01 02 02 01 01 02 04 03
Otter6	3	01 03 02 03 01 03 03 03 -9 03 04 01 02 03 02 01 02 -9 01 04 03 02 04 03 01 03 04 01 04 01 04 03 02 02 -9 02 03 04 04 03 01 04 03 02 03 03 -9 01 03 -9 01 01 03 01 03 03 04 04 01 03 04 04 01 01 04 02 04 02 01 03 03 04 04 01 04 04 04 04 03 02 02 03 02 -9 02 03 01 03 01 04 04 03 01 02 02 01 01 02 04 03
REELF15612	3	01 03 02 03 01 03 03 03 02 03 04 01 02 03 02 01 02 02 01 04 03 02 04 03 01 03 04 01 04 01 04 03 02 02 01 02 01 04 04 03 01 04 03 02 01 03 03 01 03 03 01 01 03 01 03 03 04 04 -9 03 04 04 01 01 04 -9 04 02 01 01 03 04 04 01 04 04 04 04 03 02 02 01 02 04 02 03 01 03 01 04 02 03 01 02 02 01 01 02 04 03
REELF15612	3	01 03 02 03 01 03 03 03 02 03 04 01 02 03 02 01 02 02 01 04 03 02 04 03 01 03 04 01 04 01 04 03 02 02 01 02 03 04 04 03 01 04 03 02 01 03 03 01 03 03 01 01 03 01 03 03 04 04 -9 03 04 04 01 01 04 -9 04 02 01 03 03 04 04 01 04 04 04 04 03 02 02 03 02 04 02 03 01 03 01 04 02 03 01 02 03 01 04 02 04 03
REELF15732	3	01 03 02 03 01 03 03 03 02 03 04 01 02 03 02 01 02 02 01 04 03 02 04 03 01 03 04 01 04 01 04 03 02 02 01 02 03 04 04 03 01 03 03 02 03 03 03 01 03 03 01 01 01 01 03 03 04 04 01 03 04 04 01 01 04 02 04 02 01 03 03 02 04 01 03 04 04 04 03 02 02 03 02 04 02 03 01 03 01 04 02 03 01 02 02 01 01 -9 04 03
REELF15732	3	01 03 02 03 01 03 03 03 02 03 04 01 02 03 02 01 02 02 03 04 03 02 04 03 01 03 04 01 04 01 04 03 02 02 01 02 03 04 04 03 01 04 03 02 03 03 03 01 03 03 01 01 03 01 03 03 04 04 01 03 04 04 01 01 04 02 04 02 01 03 03 04 04 01 04 04 04 04 03 02 02 03 02 04 02 03 01 03 01 04 02 03 01 02 02 03 01 -9 04 03
REELF15745	3	01 03 02 03 01 03 03 03 02 03 04 01 02 03 02 01 02 02 01 04 03 02 02 03 01 03 04 01 04 01 04 03 02 02 01 02 01 02 01 03 01 04 03 02 03 03 03 01 01 03 01 01 01 01 03 03 04 04 01 03 04 04 01 01 04 02 04 02 01 03 03 02 04 01 04 04 04 04 03 02 02 03 02 04 02 03 01 03 01 04 02 03 01 02 02 01 01 02 04 03
REELF15745	3	01 03 02 03 01 03 03 03 02 03 04 01 02 03 02 01 02 02 01 04 03 02 04 03 02 03 04 01 04 01 04 03 02 02 01 02 03 04 04 03 01 04 03 02 03 03 03 01 03 03 01 01 03 01 03 03 04 04 01 03 04 04 01 01 04 02 04 02 01 03 03 04 04 01 04 04 04 04 03 02 02 03 02 04 04 03 01 03 01 04 02 03 01 02 02 01 01 02 04 03
REELF15775	3	01 03 02 03 01 03 03 03 02 03 04 01 02 03 02 01 02 02 01 04 03 02 04 03 01 03 01 -9 04 01 04 03 02 02 01 02 03 04 04 03 01 03 03 02 03 03 03 01 03 03 01 01 03 01 03 03 04 04 01 03 04 04 01 01 04 02 04 02 01 01 03 04 04 01 04 04 04 04 03 02 02 03 02 02 02 03 01 03 01 04 02 03 01 02 02 01 04 -9 04 03
REELF15775	3	01 03 02 03 01 03 03 03 02 03 04 01 02 03 02 01 02 02 01 04 03 02 04 03 01 03 04 -9 04 01 04 03 02 02 01 02 03 04 04 03 01 04 03 02 03 03 03 01 03 03 01 01 03 01 03 03 04 04 01 03 04 04 01 01 04 02 04 02 01 03 03 04 04 01 04 04 04 04 03 02 02 03 02 02 02 03 01 03 01 04 02 03 01 02 03 01 04 -9 04 03
SL04	3	01 03 02 03 01 03 03 03 02 03 04 01 02 03 02 01 02 -9 01 04 03 02 04 03 01 -9 04 01 04 01 -9 03 02 02 01 -9 03 04 04 03 01 04 03 -9 03 03 03 01 03 03 01 01 03 -9 03 03 04 04 01 03 04 04 01 01 04 -9 04 02 01 03 03 04 -9 01 04 04 04 04 03 -9 02 03 02 -9 02 03 -9 -9 01 04 02 03 01 02 02 01 01 02 04 03
SL04	3	01 03 02 03 01 03 03 03 02 03 04 01 02 03 02 01 02 -9 01 04 03 02 04 03 01 -9 04 01 04 01 -9 03 02 02 01 -9 03 04 04 03 01 04 03 -9 03 03 03 01 03 03 01 01 03 -9 03 03 04 04 01 03 04 04 01 01 04 -9 04 02 01 03 03 04 -9 01 04 04 04 04 03 -9 02 03 02 -9 02 03 -9 -9 01 04 02 03 01 02 02 01 01 02 04 03
SL10	3	01 03 02 03 01 03 03 03 02 03 04 01 02 03 -9 01 02 02 01 04 03 02 04 03 01 03 04 01 04 01 04 03 02 02 01 02 03 04 04 03 01 04 03 02 03 03 03 01 03 03 01 01 03 01 03 03 04 04 01 03 04 04 01 01 04 02 04 02 01 03 03 04 04 01 04 04 04 04 03 02 02 03 02 04 02 03 01 03 01 04 02 03 01 02 02 01 01 02 04 03
SL10	3	01 03 02 03 01 03 03 03 02 03 04 01 02 03 -9 01 02 02 01 04 03 02 04 03 01 03 04 01 04 01 04 03 02 02 01 02 03 04 04 03 01 04 03 02 03 03 03 01 03 03 01 01 03 01 03 03 04 04 01 03 04 04 01 01 04 02 04 02 01 03 03 04 04 01 04 04 04 04 03 02 02 03 02 04 02 03 01 03 01 04 02 03 01 02 02 01 01 02 04 03
SL11	3	01 03 02 03 01 03 03 03 02 03 04 01 02 03 02 01 02 02 01 04 03 02 04 03 01 03 04 01 04 01 04 03 02 02 01 02 03 04 04 03 -9 04 03 02 03 -9 03 01 03 03 01 01 03 -9 03 03 04 04 01 03 04 04 01 -9 04 02 04 02 01 03 03 04 04 01 04 04 04 04 03 02 02 03 02 04 02 03 01 03 01 04 02 03 01 02 02 01 01 02 04 03
SL11	3	01 03 02 03 01 03 03 03 02 03 04 01 02 03 02 01 02 02 01 04 03 02 04 03 01 03 04 01 04 01 04 03 02 02 01 02 03 04 04 03 -9 04 03 02 03 -9 03 01 03 03 01 01 03 -9 03 03 04 04 01 03 04 04 02 -9 04 02 04 02 01 03 03 04 04 01 04 04 04 04 03 02 02 03 02 04 02 03 01 03 01 04 02 03 01 02 02 01 01 02 04 03
SL14	3	01 03 02 03 01 03 03 03 02 03 04 01 02 03 02 01 02 02 01 04 03 02 04 03 01 03 04 01 04 01 04 03 02 02 01 02 03 04 04 03 01 04 03 02 03 03 03 01 03 03 01 01 03 01 03 03 04 -9 01 03 04 04 01 -9 04 02 04 02 01 03 03 04 04 01 04 04 04 04 03 02 02 03 02 04 02 03 01 03 01 04 02 03 01 02 02 01 01 02 04 03
SL14	3	01 03 02 03 01 03 03 03 02 03 04 01 02 03 02 01 02 02 01 04 03 02 04 03 01 03 04 01 04 01 04 03 02 02 01 02 03 04 04 03 01 04 03 02 03 03 03 01 03 03 01 01 03 01 03 03 04 -9 01 03 04 04 01 -9 04 02 04 02 01 03 03 04 04 01 04 04 04 04 03 02 02 03 02 04 02 03 01 03 01 04 02 03 01 02 02 01 01 02 04 03
SL15	3	01 03 02 03 01 03 03 03 02 03 04 01 02 03 02 01 02 02 01 04 03 02 04 03 01 03 04 01 04 01 04 03 02 02 -9 02 03 04 04 03 01 04 03 02 03 03 03 01 03 03 01 01 03 01 03 03 04 04 01 -9 04 04 01 -9 04 02 04 02 01 03 03 04 04 01 04 04 04 04 03 02 02 03 02 04 02 03 01 03 01 04 02 03 01 02 02 01 01 02 04 03
SL15	3	01 03 02 03 01 03 03 03 02 03 04 01 02 03 02 01 02 02 01 04 03 02 04 03 01 03 04 01 04 01 04 03 02 02 -9 02 03 04 04 03 01 04 03 02 03 03 03 01 03 03 01 01 03 01 03 03 04 04 01 -9 04 04 01 -9 04 02 04 02 01 03 03 04 04 01 04 04 04 04 03 02 02 03 02 04 02 03 01 03 01 04 02 03 01 02 02 01 01 02 04 03
SL16	3	01 03 02 03 01 03 03 03 02 03 04 01 02 03 02 01 02 02 01 04 03 02 04 03 01 03 04 -9 04 01 04 03 02 02 -9 02 03 04 04 03 01 04 03 02 03 03 03 01 03 03 01 01 03 01 03 03 04 04 01 03 04 04 01 -9 04 02 04 02 01 03 03 04 04 01 04 04 03 04 03 02 02 03 02 04 02 03 01 03 01 04 02 03 01 02 02 01 01 02 04 03
SL16	3	01 03 02 03 01 03 03 03 02 03 04 01 02 03 02 01 02 02 01 04 03 02 04 03 01 03 04 -9 04 01 04 03 02 02 -9 02 03 04 04 03 01 04 03 02 03 03 03 01 03 03 01 01 03 01 03 03 04 04 01 03 04 04 01 -9 04 02 04 02 01 03 03 04 04 01 04 04 04 04 03 02 02 03 02 04 02 03 01 03 01 04 02 03 01 02 02 01 01 02 04 03
SL19	3	01 03 02 03 01 03 03 03 02 03 04 01 02 03 02 01 02 02 01 04 03 02 04 03 01 03 04 01 04 01 04 03 02 02 01 02 03 04 04 03 01 04 03 02 03 03 03 01 03 -9 01 01 03 01 03 03 04 04 01 03 04 04 01 -9 04 02 04 02 01 03 03 04 04 01 04 04 04 04 03 -9 02 03 02 04 02 03 01 03 01 04 02 03 01 02 02 01 01 02 04 03
SL19	3	01 03 02 03 01 03 03 03 02 03 04 01 02 03 02 01 02 02 01 04 03 02 04 03 01 03 04 01 04 01 04 03 02 02 01 02 03 04 04 03 01 04 03 02 03 03 03 01 03 -9 01 01 03 01 03 03 04 04 01 03 04 04 01 -9 04 02 04 02 01 03 03 04 04 01 04 04 04 04 03 -9 02 03 02 04 02 03 01 03 01 04 02 03 01 02 02 01 01 02 04 03
SL2	3	01 03 02 03 01 03 03 03 02 03 04 01 02 03 02 01 02 02 01 04 03 02 04 03 01 03 04 01 04 01 04 03 02 02 01 02 03 04 04 03 01 04 03 02 03 03 03 01 03 03 01 01 03 01 03 03 04 04 01 03 04 04 01 -9 04 02 04 02 01 03 03 04 04 01 04 04 04 04 03 02 02 03 02 04 02 03 01 03 01 04 02 03 01 02 02 01 01 02 -9 03
SL2	3	01 03 02 03 01 03 03 03 02 03 04 01 02 03 02 01 02 02 01 04 03 02 04 03 01 03 04 01 04 01 04 03 02 02 01 02 03 04 04 03 01 04 03 02 03 03 03 01 03 03 01 01 03 01 03 03 04 04 01 03 04 04 01 -9 04 02 04 02 01 03 03 04 04 01 04 04 04 04 03 02 02 03 02 04 02 03 01 03 01 04 02 03 01 02 02 01 01 02 -9 03
SL8	3	01 03 02 03 01 03 03 03 02 03 04 01 02 03 02 01 02 02 01 04 03 02 04 03 01 03 04 01 04 01 04 03 02 02 01 02 03 04 04 03 01 04 03 02 03 03 03 01 03 -9 01 01 03 -9 03 03 04 04 -9 03 04 04 01 -9 04 02 04 02 01 03 03 04 04 01 04 04 04 04 03 04 02 03 02 -9 02 03 01 03 -9 04 02 03 01 02 02 01 01 02 -9 03
SL8	3	01 03 02 03 01 03 03 03 02 03 04 01 02 03 02 01 02 02 01 04 03 02 04 03 01 03 04 01 04 01 04 03 02 02 01 02 03 04 04 03 01 04 03 02 03 03 03 01 03 -9 01 01 03 -9 03 03 04 04 -9 03 04 04 01 -9 04 02 04 02 01 03 03 04 04 01 04 04 04 04 03 04 02 03 02 -9 02 03 01 03 -9 04 02 03 01 02 02 01 01 02 -9 03
ALL02	4	03 03 02 03 03 01 02 03 01 02 04 02 02 01 02 03 02 02 01 -9 03 02 02 01 01 01 01 03 04 03 04 03 02 02 01 02 01 02 01 03 01 04 01 02 01 03 01 03 01 02 01 03 01 03 01 02 03 04 01 03 03 01 02 01 03 02 02 04 02 01 01 02 02 01 04 02 03 02 01 02 01 01 01 02 04 01 01 01 03 04 02 01 01 02 02 01 01 02 02 02
ALL02	4	03 03 04 03 03 03 02 03 01 03 04 02 04 01 02 03 04 02 03 -9 04 04 04 03 01 03 04 03 04 03 04 03 04 02 01 02 01 04 04 04 01 04 03 03 03 03 03 03 03 03 02 03 03 03 01 02 03 04 03 03 03 04 02 01 04 02 02 04 02 03 03 02 04 01 04 02 04 02 01 04 02 03 02 02 04 01 02 03 03 04 04 01 01 02 03 01 04 02 02 03
ALL03	4	03 03 04 03 03 -9 02 02 -9 03 04 01 04 01 02 -9 -9 02 01 02 04 02 02 01 01 01 04 03 02 03 01 03 04 01 03 -9 01 02 01 03 01 -9 03 -9 01 04 01 01 -9 02 02 01 03 01 -9 02 03 03 03 03 03 01 02 03 03 -9 04 02 02 01 01 02 -9 01 03 02 04 04 01 -9 01 01 01 02 04 01 01 03 01 04 04 01 01 03 03 01 01 02 02 02
ALL03	4	03 03 04 03 03 -9 02 02 -9 03 04 02 04 03 02 -9 -9 02 03 02 04 04 04 01 01 01 04 03 02 03 01 03 04 01 03 -9 01 02 01 04 01 -9 03 -9 01 04 03 01 -9 03 02 03 03 01 -9 02 03 04 03 03 03 01 02 03 03 -9 04 02 02 03 01 02 -9 03 03 02 04 04 01 -9 01 01 01 02 04 03 01 03 01 04 04 03 01 03 03 01 01 02 04 02
ALL04	4	03 03 04 01 03 03 02 02 02 02 04 01 02 01 02 01 02 02 03 04 04 04 04 03 01 01 01 03 02 01 04 03 04 02 01 02 01 04 04 04 01 04 03 03 03 03 03 03 03 02 01 01 03 01 03 03 04 03 03 01 03 01 01 01 04 02 02 04 02 01 01 02 04 01 04 02 03 02 01 02 01 01 01 02 04 01 01 01 01 02 02 01 01 02 02 01 01 02 02 02
ALL04	4	03 03 04 03 03 03 03 03 02 02 04 02 04 03 03 01 02 04 03 04 04 04 04 03 01 03 01 03 04 03 04 03 04 02 03 02 01 04 04 04 01 04 03 03 03 04 03 03 03 03 02 01 03 01 03 03 04 03 03 01 04 04 02 03 04 03 04 04 02 03 03 02 04 03 04 02 04 02 03 02 02 01 02 04 04 03 01 01 03 04 04 03 03 03 02 01 04 02 02 02
ALL05	4	01 03 02 01 01 03 02 03 02 02 04 01 02 01 02 01 02 02 01 02 03 02 04 01 02 01 01 03 04 03 01 03 04 02 03 02 01 02 01 03 01 04 01 02 01 03 01 03 01 03 02 03 03 01 01 02 03 03 01 03 03 01 02 01 03 02 02 02 01 03 01 02 04 03 04 02 04 02 01 02 01 01 01 02 02 01 01 01 01 02 02 01 01 02 02 01 01 02 04 02
ALL05	4	03 03 02 03 01 03 02 03 02 02 04 02 04 03 03 03 04 02 01 02 04 02 04 03 02 03 04 03 04 03 04 03 04 02 03 03 03 04 04 04 01 04 03 02 01 04 03 03 03 03 02 03 03 03 01 02 03 04 01 03 04 01 02 03 03 02 04 04 02 03 03 02 04 03 04 02 04 02 03 02 01 03 01 02 04 03 02 01 01 04 04 03 03 02 03 01 01 04 04 03
ALL06	4	03 02 02 03 03 01 02 02 01 03 04 02 02 01 02 03 02 02 01 04 03 02 02 01 -9 03 01 01 04 03 01 03 04 01 03 02 01 02 01 04 01 03 03 02 01 03 03 03 01 03 01 01 03 01 03 03 04 04 01 01 03 01 01 01 03 02 02 04 02 03 03 02 04 01 03 02 04 02 03 02 01 01 01 02 02 01 01 03 01 04 02 01 01 02 02 01 04 02 02 02
ALL06	4	03 03 02 03 03 03 03 03 02 03 04 02 02 01 03 03 04 02 03 04 04 04 04 03 -9 03 01 01 04 03 01 03 04 02 03 02 01 04 04 04 02 04 03 02 03 03 03 03 03 03 02 01 03 03 03 03 04 04 01 03 03 04 02 03 04 03 02 04 02 03 03 04 04 03 04 02 04 04 03 04 01 03 01 02 04 03 01 03 03 04 02 01 03 02 03 01 04 02 04 02
ALL11	4	03 02 02 01 01 03 -9 03 01 02 04 01 02 03 02 01 02 02 01 04 04 02 02 01 01 01 01 01 02 03 04 03 04 02 01 02 01 02 01 03 01 03 01 02 03 03 01 03 01 02 01 01 01 01 01 02 03 04 01 01 04 01 02 03 04 02 04 04 02 03 01 02 02 01 03 02 03 02 01 02 01 01 01 02 04 03 01 03 01 02 02 03 01 02 02 01 01 02 02 02
ALL11	4	03 03 04 03 03 03 -9 03 01 02 04 01 04 03 02 03 02 02 03 04 04 04 04 03 02 03 04 03 02 03 04 03 04 02 03 02 01 02 01 03 02 03 03 03 03 04 01 03 01 03 02 03 03 03 03 03 04 04 01 01 04 01 02 03 04 03 04 04 02 03 03 04 04 03 04 02 03 02 03 02 02 01 01 02 04 03 02 03 03 02 04 03 01 03 03 03 04 02 04 03
ALL12	4	03 02 04 03 01 03 02 03 01 02 02 01 02 01 03 01 02 02 03 02 03 04 04 01 01 03 01 01 04 03 01 01 04 01 03 02 01 02 01 04 01 04 03 02 01 03 03 01 01 02 02 01 01 01 01 02 03 04 01 03 03 01 01 01 03 02 02 04 02 03 03 04 04 01 04 02 04 04 01 02 01 03 01 02 02 01 01 01 01 02 02 01 03 02 02 01 01 04 04 03
ALL12	4	03 03 04 03 03 03 03 03 01 03 02 02 02 03 03 03 04 02 03 02 03 04 04 01 02 03 01 03 04 03 04 01 04 02 03 02 01 04 04 04 01 04 03 03 03 04 03 03 03 03 02 01 03 01 01 02 03 04 01 03 04 01 02 03 03 02 04 04 02 03 03 04 04 03 04 02 04 04 03 02 02 03 01 04 04 01 01 03 03 02 02 03 03 02 03 01 01 04 04 03
ALLATOONA01	4	01 02 02 01 03 03 02 02 02 03 04 01 02 01 02 01 02 02 01 02 03 02 02 01 01 03 01 01 04 01 04 01 04 01 01 03 01 02 01 04 01 03 03 03 01 03 03 03 01 03 01 01 01 01 01 02 03 03 01 01 03 01 02 01 04 03 -9 04 02 03 03 02 04 01 03 02 04 02 03 02 01 01 01 02 04 01 01 01 01 02 02 01 01 02 02 01 04 02 02 02
ALLATOONA01	4	03 03 02 03 03 03 02 03 02 03 04 02 02 03 03 01 04 04 01 02 04 02 04 03 01 03 04 03 04 03 04 03 04 02 03 03 01 02 01 04 02 04 03 03 03 03 03 03 01 03 02 01 03 01 01 02 03 03 03 01 04 01 02 01 04 03 -9 04 02 03 03 04 04 03 04 04 04 02 03 02 02 03 01 02 04 03 01 03 03 04 02 03 03 03 03 01 04 04 04 03
ALLATOONA10	4	03 02 04 03 03 01 03 02 02 03 02 02 02 01 03 01 02 02 03 04 04 04 02 01 02 01 01 01 04 03 04 03 04 02 01 02 01 02 01 04 02 03 03 03 01 04 01 03 01 03 01 03 01 01 01 02 03 04 01 01 03 01 02 03 03 02 02 04 02 01 01 02 04 01 03 02 03 02 01 02 01 01 01 02 04 01 01 01 01 02 02 01 01 03 02 01 01 04 02 02
ALLATOONA10	4	03 03 04 03 03 01 03 02 02 03 04 02 04 01 03 01 04 04 03 04 04 04 04 01 02 03 04 03 04 03 04 03 04 02 03 02 01 02 01 04 02 04 03 03 01 04 03 03 01 03 02 03 03 01 01 02 03 04 03 03 03 04 02 03 03 03 02 04 02 03 03 02 04 03 03 02 04 02 01 02 02 01 01 02 04 03 02 03 03 02 04 01 01 03 03 03 04 04 02 02
GU36	4	01 02 02 01 01 01 02 03 02 03 02 01 02 03 02 03 04 -9 03 02 03 02 04 01 01 03 01 01 02 03 04 03 02 02 -9 03 01 02 01 03 01 03 01 03 01 03 01 -9 01 02 02 03 01 01 01 02 03 03 01 03 03 01 01 01 03 02 02 02 01 03 03 02 02 01 04 02 04 02 01 02 01 01 01 02 04 01 01 03 01 04 02 01 03 02 02 01 01 02 02 -9
GU36	4	03 03 04 03 03 03 02 03 02 03 04 02 02 03 03 03 04 -9 03 04 04 04 04 03 01 03 04 03 04 03 04 03 02 02 -9 03 01 04 04 03 02 04 03 03 03 03 03 -9 03 03 02 03 03 01 03 03 03 04 01 03 04 04 02 01 04 02 04 04 02 03 03 04 02 03 04 02 04 04 03 02 02 03 02 02 04 03 02 03 01 04 02 03 03 02 02 01 01 02 04 -9
GU42	4	01 02 02 01 01 03 02 03 01 02 04 01 02 01 02 03 02 02 01 02 03 02 02 01 01 03 01 01 04 01 01 01 04 02 01 02 01 04 04 03 01 04 01 02 01 03 01 01 03 03 01 03 03 01 01 02 03 03 01 03 03 01 01 01 03 02 02 04 02 01 03 02 04 01 04 02 04 02 01 02 01 01 01 02 04 01 01 01 01 02 02 01 01 02 03 01 04 02 02 03
GU42	4	03 03 04 03 03 03 03 03 02 03 04 02 02 03 03 03 04 04 01 02 04 04 04 01 01 03 04 03 04 03 04 01 04 02 03 03 03 04 04 04 01 04 03 03 03 04 03 03 03 03 02 03 03 03 03 03 04 04 03 03 04 04 02 03 03 02 04 04 02 03 03 04 04 03 04 04 04 02 01 02 02 03 01 02 04 03 02 01 03 04 02 03 01 03 03 01 04 04 04 03
GU45	4	01 03 02 03 03 01 03 02 01 02 04 02 02 01 02 03 02 02 01 02 04 02 04 01 01 01 01 01 02 03 04 03 02 02 01 02 01 04 04 03 01 03 03 03 03 03 03 03 03 02 01 01 01 01 03 03 04 03 01 01 03 01 01 01 03 02 02 04 01 01 01 02 04 01 04 02 04 02 01 02 01 01 02 02 02 01 01 01 01 04 02 01 01 02 02 03 01 02 04 02
GU45	4	03 03 02 03 03 03 03 03 02 03 04 02 04 01 03 03 04 02 01 04 04 02 04 03 01 03 04 01 04 03 04 03 04 02 01 02 01 04 04 03 01 04 03 03 03 04 03 03 03 02 02 01 03 01 03 03 04 04 01 03 03 04 02 03 04 02 02 04 02 01 03 02 04 01 04 02 04 04 01 04 01 03 02 02 02 01 01 03 01 04 04 01 01 02 03 03 01 02 04 03
GU46	4	01 03 02 03 03 01 02 03 01 02 02 01 02 03 02 03 02 02 01 02 03 02 04 03 01 03 01 01 04 03 04 01 04 02 03 02 01 02 01 04 01 03 03 03 03 03 03 03 01 02 01 01 03 01 01 02 03 03 01 01 03 01 02 03 03 02 02 04 01 01 03 04 04 01 04 02 04 04 03 02 02 01 01 02 04 01 01 01 01 02 02 01 01 02 02 01 01 02 02 03
GU46	4	01 03 04 03 03 03 02 03 02 03 04 02 02 03 03 03 02 04 03 02 03 04 04 03 02 03 04 01 04 03 04 01 04 02 03 02 03 04 01 04 01 04 03 03 03 03 03 03 03 03 02 03 03 03 03 02 04 04 01 03 04 04 02 03 04 03 04 04 02 03 03 04 04 01 04 04 04 04 03 02 02 03 01 02 04 03 01 03 01 02 02 03 01 02 03 01 04 04 04 03
GU51	4	01 02 02 03 01 03 02 03 01 02 04 01 02 03 02 01 -9 02 01 02 04 02 02 01 01 01 01 01 04 01 -9 03 02 01 01 02 03 02 01 03 01 03 01 02 03 03 01 03 01 02 01 01 01 01 01 02 03 03 01 01 04 01 01 01 03 02 04 02 01 01 01 02 02 01 04 04 04 02 01 02 02 01 02 02 04 03 01 03 01 04 02 03 01 02 02 01 01 02 02 02
GU51	4	03 03 02 03 03 03 03 03 02 03 04 01 04 03 02 01 -9 04 01 02 04 02 02 03 01 03 04 03 04 03 -9 03 04 02 01 03 03 04 01 04 02 04 03 03 03 04 03 03 03 03 02 03 03 01 03 03 04 03 03 03 04 04 02 01 03 03 04 02 01 03 03 04 04 03 04 04 04 04 03 02 02 01 02 04 04 03 02 03 03 04 04 03 03 02 03 03 04 04 02 03
GU55	4	01 02 02 01 03 03 02 03 01 02 02 01 02 01 02 01 02 02 01 02 04 02 02 01 01 03 04 01 04 01 01 01 02 02 03 02 01 02 01 03 01 03 01 03 03 03 01 03 01 02 01 01 01 01 01 02 03 03 01 03 03 01 01 03 04 02 02 04 01 03 03 02 02 01 04 02 04 02 01 02 01 01 01 02 04 01 01 03 03 02 02 01 01 02 03 01 01 02 04 02
GU55	4	03 03 02 03 03 03 03 03 02 03 04 02 02 03 03 03 02 02 03 02 04 02 04 01 01 03 04 01 04 03 01 03 04 02 03 02 01 04 04 04 01 04 03 03 03 04 01 03 03 02 02 01 03 03 01 02 03 04 03 03 04 01 02 03 04 03 04 04 02 03 03 02 04 03 04 04 04 04 01 02 01 01 02 02 04 03 01 03 03 04 02 03 01 03 03 01 01 02 04 03
GU56	4	01 03 02 03 03 01 02 02 01 02 04 02 02 01 02 03 02 02 01 02 03 02 02 01 01 03 01 01 04 01 01 03 04 01 01 02 01 02 01 03 01 04 01 03 01 03 01 03 01 02 01 01 03 01 01 02 03 04 01 01 03 01 01 01 03 02 02 04 01 01 03 02 02 01 03 02 04 02 01 02 01 01 01 02 04 01 01 01 01 02 02 01 01 02 03 01 01 04 02 02
GU56	4	01 03 04 03 03 03 02 03 02 03 04 02 02 01 03 03 04 04 03 02 04 04 04 03 01 03 01 03 04 03 04 03 04 02 03 03 03 04 04 04 02 04 01 03 03 04 03 03 03 03 02 03 03 03 01 02 03 04 03 03 03 01 02 03 03 02 02 04 02 03 03 04 04 03 04 02 04 04 01 04 02 03 02 02 04 01 02 03 03 04 04 01 03 02 03 01 01 04 04 02
GU57	4	01 03 02 01 03 03 02 03 01 02 04 02 02 01 03 03 02 02 01 02 03 02 02 01 01 03 04 03 04 01 01 01 02 02 01 02 01 04 04 03 01 03 01 03 03 04 01 03 03 02 01 01 01 01 01 02 03 04 01 03 03 01 02 03 03 02 02 04 02 03 03 02 02 03 04 02 03 02 01 02 01 01 01 02 04 01 01 01 03 02 02 01 01 02 02 01 01 04 02 03
GU57	4	03 03 02 01 03 03 02 03 01 02 04 02 02 01 03 03 02 04 01 04 04 02 04 01 01 03 04 03 04 03 04 01 04 02 03 03 03 04 04 04 01 04 01 03 03 04 03 03 03 03 02 03 03 03 03 03 04 04 03 03 03 04 02 03 04 03 02 04 02 03 03 04 04 03 04 02 04 04 03 02 02 03 02 02 04 01 02 03 03 04 02 01 03 03 03 03 01 04 02 03
GU58	4	01 03 02 01 01 01 02 03 02 03 04 02 02 01 02 03 02 02 01 02 04 02 02 01 01 03 01 01 02 01 01 01 02 02 03 -9 01 02 01 03 01 03 01 02 01 03 01 03 01 02 01 03 03 01 01 02 03 03 01 01 03 01 01 01 03 03 02 02 01 03 03 04 02 01 04 02 03 02 01 04 02 01 02 02 02 01 01 03 01 02 02 01 01 02 02 01 04 02 04 02
GU58	4	01 03 04 03 01 03 03 03 02 03 04 02 02 01 02 03 02 04 03 04 04 04 04 03 01 03 01 01 04 03 04 03 02 02 03 -9 01 04 04 03 01 03 03 02 03 04 03 03 03 03 02 03 03 03 03 03 04 04 03 01 03 01 02 03 04 03 02 04 01 03 03 04 04 03 04 02 04 02 01 04 02 01 02 02 02 01 01 03 01 04 04 01 03 02 03 01 04 04 04 03
GU61	4	03 02 02 01 01 03 02 03 01 02 04 01 02 01 02 01 02 02 01 -9 04 02 04 03 01 03 04 01 04 01 01 01 02 02 03 02 01 04 04 04 01 03 01 02 03 04 03 03 03 02 01 03 01 01 03 03 04 03 01 03 03 01 01 01 04 02 02 04 01 03 03 04 02 01 03 02 03 04 01 02 02 01 01 02 02 01 01 03 01 02 02 01 01 02 02 03 01 04 04 02
GU61	4	03 03 04 01 03 03 03 03 02 03 04 02 02 03 02 03 02 02 03 -9 04 04 04 03 02 03 04 03 04 03 04 03 04 02 03 03 01 04 04 04 02 03 01 03 03 04 03 03 03 03 02 03 01 01 03 03 04 03 01 03 04 04 02 01 04 03 04 04 01 03 03 04 04 01 04 02 03 04 03 02 02 01 01 02 04 03 01 03 01 04 02 03 03 03 03 03 01 04 04 02
LA006	4	03 02 04 01 03 01 02 03 01 02 02 02 02 01 02 01 04 02 03 02 04 04 02 01 01 -9 01 01 02 03 01 03 04 01 01 -9 01 02 04 04 01 03 01 03 01 04 01 03 01 02 02 01 01 01 01 02 03 03 03 01 03 01 02 01 03 02 02 04 -9 01 01 02 02 03 03 02 03 02 01 -9 01 01 01 02 04 01 -9 01 01 04 02 01 03 -9 03 -9 01 02 04 02
LA006	4	03 03 04 03 03 03 02 03 02 03 04 02 04 01 02 01 04 02 03 04 04 04 04 03 02 -9 04 03 02 03 01 03 04 02 01 -9 01 02 04 04 01 04 01 03 03 04 03 03 03 02 02 03 01 01 01 02 03 04 03 01 03 01 02 01 03 03 02 04 -9 01 03 02 04 03 04 02 04 02 01 -9 02 01 01 02 04 01 -9 03 01 04 02 01 03 -9 03 -9 04 04 04 02
LA015	4	03 02 04 03 03 01 02 02 02 03 02 02 04 01 02 01 02 02 03 02 04 04 04 03 02 01 01 01 02 03 04 03 04 01 01 02 01 02 01 04 02 03 03 03 01 03 03 03 01 03 02 01 01 01 01 02 03 03 01 01 03 01 02 01 03 02 02 04 02 01 01 02 04 03 03 02 03 02 01 04 02 01 01 02 04 01 01 03 01 04 04 01 01 02 03 03 04 02 04 02
LA015	4	03 02 04 03 03 01 02 02 02 03 02 02 04 01 02 01 02 02 03 02 04 04 04 03 02 01 01 01 02 03 04 03 04 01 01 02 01 02 01 04 02 03 03 03 01 04 03 03 01 03 02 01 03 01 03 03 04 03 03 01 03 01 02 01 03 02 02 04 02 01 01 02 04 03 03 02 03 02 01 04 02 01 01 02 04 01 01 03 01 04 04 01 01 02 03 03 04 02 04 02
LA030	4	03 02 02 01 03 01 02 02 01 02 02 01 02 01 03 01 02 02 01 04 04 02 02 03 01 01 01 01 02 03 01 01 04 01 01 02 01 02 01 04 01 03 01 03 01 04 01 03 01 02 01 03 01 01 01 02 03 03 01 01 03 01 02 01 04 02 02 04 02 01 01 02 04 01 03 02 03 02 01 02 01 01 01 02 04 01 01 01 01 02 02 01 01 02 02 01 01 02 02 02
LA030	4	03 03 02 01 03 03 02 03 02 03 04 02 04 03 03 03 04 04 01 04 04 02 04 03 02 03 01 03 02 03 04 03 04 02 03 03 01 04 04 04 02 04 03 03 03 04 03 03 03 03 02 03 03 03 01 02 03 03 03 03 04 01 02 03 04 03 04 04 02 03 03 02 04 03 04 02 04 02 01 02 01 01 01 02 04 03 02 03 03 04 04 03 03 02 03 03 04 04 02 03
LA032	4	03 02 04 03 03 01 02 02 02 03 02 02 02 01 02 01 02 02 03 04 04 04 04 03 02 01 01 01 04 01 04 03 04 01 01 02 01 02 01 04 02 03 03 03 01 03 03 03 01 03 02 01 01 01 01 02 03 03 01 01 03 01 02 01 03 02 02 04 02 01 01 02 04 -9 03 02 03 02 01 02 02 01 01 02 04 01 01 03 01 04 04 01 01 02 03 03 04 02 04 02
LA032	4	03 03 04 03 03 01 02 02 02 03 02 02 04 01 02 01 02 02 03 04 04 04 04 03 02 03 01 01 04 03 04 03 04 01 01 02 01 02 01 04 02 04 03 03 01 04 03 03 01 03 02 01 01 01 01 02 03 03 01 01 03 01 02 01 03 02 02 04 02 01 03 02 04 -9 03 02 03 02 01 02 02 01 01 02 04 01 01 03 03 04 04 01 01 02 03 03 04 02 04 02
LA033	4	03 02 02 03 03 01 02 02 01 02 02 02 02 01 02 01 02 02 01 04 04 02 02 01 01 01 01 01 02 03 01 01 04 01 01 02 01 02 01 04 01 03 01 03 01 03 01 03 01 02 02 01 01 01 01 02 03 03 01 01 03 01 02 01 03 02 02 04 02 01 01 02 02 03 03 02 03 02 01 02 01 01 01 02 04 01 01 01 01 02 02 01 01 02 03 01 01 02 02 02
LA033	4	03 03 04 03 03 03 02 03 02 03 04 02 04 01 03 03 04 04 03 04 04 04 04 03 02 03 04 03 04 03 04 03 04 02 03 03 01 04 04 04 02 04 03 03 03 03 03 03 03 03 02 03 03 03 01 02 03 04 01 03 03 01 02 03 03 03 02 04 02 03 03 02 04 03 04 02 04 02 01 04 02 01 02 02 04 01 02 01 03 04 04 01 03 03 03 03 04 04 04 03
LA034	4	03 03 02 01 03 03 02 03 01 02 04 02 02 01 03 03 04 04 01 02 04 02 02 01 01 03 04 01 04 03 01 01 04 02 03 03 01 04 04 04 01 03 01 03 03 04 01 03 03 02 02 01 01 01 01 02 03 04 01 03 03 01 02 03 03 03 02 04 02 03 03 02 02 03 04 02 04 02 01 02 01 01 01 02 04 01 02 01 03 02 02 01 01 03 03 01 01 04 02 03
LA034	4	03 03 02 01 03 03 02 03 01 02 04 02 02 01 03 03 04 04 01 02 04 02 02 01 01 03 04 03 04 03 01 01 04 02 03 03 01 04 04 04 01 04 03 03 03 04 01 03 03 02 02 03 03 03 01 02 03 04 03 03 03 04 02 03 03 03 02 04 02 03 03 02 02 03 04 02 04 02 01 02 01 01 01 02 04 01 02 01 03 02 02 01 03 03 03 01 01 04 02 03
LA10014	4	03 02 04 03 03 01 02 02 02 03 02 02 04 01 02 01 02 02 03 04 04 04 04 03 02 -9 01 01 02 03 04 03 04 02 01 02 01 02 01 04 02 03 03 03 01 03 03 03 01 03 02 01 01 01 01 02 03 03 01 01 03 01 02 01 03 02 02 04 02 01 01 02 04 -9 03 02 03 02 -9 04 02 01 -9 02 04 01 01 03 01 04 04 01 -9 02 02 01 04 02 04 02
LA10014	4	03 02 04 03 03 01 02 02 02 03 02 02 04 01 02 01 02 02 03 04 04 04 04 03 02 -9 01 01 02 03 04 03 04 02 01 02 01 02 01 04 02 03 03 03 01 03 03 03 01 03 02 01 01 01 01 02 03 03 01 01 03 01 02 01 04 02 02 04 02 03 01 04 04 -9 03 02 03 02 -9 04 02 01 -9 02 04 01 01 03 01 04 04 01 -9 02 03 03 04 02 04 02
LA1136	4	03 02 04 03 03 01 02 02 01 -9 02 02 02 01 02 01 02 02 03 02 04 04 04 03 02 01 01 01 02 03 01 03 04 02 01 02 01 02 01 04 02 03 03 03 01 03 03 03 01 03 02 01 01 01 01 02 03 03 03 01 03 01 02 01 03 02 02 04 02 01 01 02 02 03 03 02 03 02 01 02 01 01 01 02 04 01 01 03 01 04 02 01 01 02 03 03 01 02 02 02
LA1136	4	03 02 04 03 03 01 03 02 01 -9 04 02 04 01 02 01 02 04 03 02 04 04 04 03 02 03 01 01 04 03 04 03 04 02 03 02 01 04 04 04 02 03 03 03 03 03 03 03 03 03 02 01 03 01 01 02 03 03 03 03 03 01 02 03 03 02 02 04 02 01 03 02 04 03 03 02 03 02 01 04 02 01 01 02 04 01 01 03 01 04 04 01 01 02 03 03 04 04 04 03
LA1139	4	03 02 02 01 03 01 02 02 01 02 02 02 04 01 02 01 04 02 01 02 04 02 02 01 02 01 01 03 02 01 01 01 04 01 01 02 01 02 01 04 02 04 01 03 01 03 01 03 01 02 02 01 03 01 01 02 03 03 03 01 03 01 02 01 -9 02 02 04 02 03 01 02 02 03 03 02 04 02 01 04 01 01 01 02 04 01 02 01 01 04 04 01 01 02 03 01 04 02 02 02
LA1139	4	03 03 04 01 03 01 02 02 02 03 04 02 04 01 02 01 04 04 03 02 04 04 04 03 02 01 01 03 04 03 01 03 04 01 01 02 01 02 04 04 02 04 01 03 03 03 01 03 01 03 02 03 03 03 01 02 03 04 03 01 03 01 02 03 -9 03 02 04 02 03 01 02 04 03 03 02 04 02 01 04 02 01 01 02 04 01 02 03 01 04 04 01 03 02 03 01 04 04 04 03
LAMAR2	4	01 02 02 03 01 03 03 03 01 03 02 01 02 01 02 01 02 02 01 04 04 02 02 03 01 01 01 01 02 03 04 03 02 02 01 02 01 02 01 03 01 03 03 02 01 03 03 01 01 03 01 01 01 01 01 02 03 03 01 01 03 01 02 01 03 02 02 02 01 03 01 02 04 01 03 02 03 04 01 02 02 01 01 02 02 01 01 03 01 02 02 01 01 02 03 01 04 02 04 03
LAMAR2	4	03 03 04 03 03 03 03 03 02 03 04 02 04 03 02 01 02 02 03 04 04 04 02 03 01 03 01 01 02 03 04 03 04 02 01 02 01 04 04 04 01 04 03 02 01 04 03 03 03 03 02 01 01 01 01 02 03 04 01 01 04 04 02 01 03 02 04 04 02 03 03 04 04 01 04 04 04 04 03 04 02 01 02 04 04 03 01 03 01 04 04 03 01 02 03 03 04 02 04 03
LE04	4	03 02 02 01 03 01 02 02 01 02 02 01 02 01 02 03 02 02 01 02 04 02 02 01 01 03 01 03 04 03 01 03 04 02 03 02 01 04 04 04 01 04 01 03 03 04 01 03 03 02 02 01 03 01 01 02 03 03 03 01 03 01 02 03 04 02 02 04 02 01 03 02 02 03 03 02 04 02 01 02 01 01 01 02 04 01 01 01 03 02 02 01 03 02 03 01 01 04 02 02
LE04	4	03 03 02 03 03 03 02 03 01 02 04 02 02 03 03 03 04 04 01 02 04 02 04 01 02 03 04 03 04 03 01 03 04 02 03 02 01 04 04 04 02 04 01 03 03 04 03 03 03 03 02 03 03 03 01 02 03 04 03 01 04 04 02 03 04 03 02 04 02 01 03 02 02 03 04 02 04 02 01 02 02 01 01 02 04 03 02 03 03 04 02 03 03 03 03 01 04 04 02 02
LE05	4	03 03 04 01 03 03 02 03 01 02 02 02 02 01 02 01 02 02 03 02 03 04 02 01 01 01 01 01 04 03 01 01 04 02 01 02 01 04 04 04 01 03 01 03 01 03 01 03 03 02 02 01 01 01 01 03 03 03 01 01 03 01 02 01 04 02 02 04 02 01 01 02 02 03 04 02 03 02 03 04 02 01 01 02 02 01 01 01 03 02 02 01 03 02 03 01 01 02 02 02
LE05	4	03 03 04 01 03 03 02 03 02 03 04 02 04 01 02 03 02 04 03 04 04 04 02 03 02 03 04 03 04 03 04 03 04 02 03 03 01 04 04 04 01 04 03 03 03 04 03 03 03 03 02 03 03 03 03 03 04 04 03 01 03 01 02 03 04 03 02 04 02 03 03 02 04 03 04 02 04 02 03 04 02 03 01 02 04 01 02 01 03 02 04 01 03 03 03 01 01 04 04 02
LE10	4	03 02 02 03 03 03 03 03 01 02 02 02 04 01 03 01 04 02 01 02 03 02 02 01 01 01 04 03 04 03 04 01 02 01 03 02 01 04 04 03 01 03 01 03 01 03 01 03 03 02 02 03 03 03 01 02 03 03 03 03 03 01 01 01 03 02 02 04 02 01 01 02 02 03 04 02 04 02 01 02 01 01 01 02 04 01 01 01 01 02 04 01 01 03 02 01 01 02 02 03
LE10	4	03 03 02 03 03 03 03 03 02 03 04 02 04 01 03 03 04 02 01 02 04 02 02 01 02 01 04 03 04 03 04 01 02 02 03 03 01 04 04 04 01 04 03 03 03 04 01 03 03 02 02 03 03 03 01 02 03 04 03 03 03 04 02 03 04 02 02 04 02 03 01 02 02 03 04 02 04 02 01 02 01 03 01 02 04 01 02 03 03 02 04 01 03 03 03 03 01 02 02 03
LE21	4	03 03 02 01 03 03 02 03 01 02 04 02 02 01 03 03 02 02 01 02 04 02 02 01 01 -9 04 01 04 03 01 01 04 02 03 03 01 02 01 04 01 03 01 03 03 04 01 03 01 02 02 03 01 01 01 02 03 04 01 01 03 01 02 03 03 02 02 04 02 03 03 02 04 03 04 02 04 02 01 02 02 01 01 02 04 01 01 03 01 02 02 01 03 03 03 01 01 04 02 02
LE21	4	03 03 04 01 03 03 02 03 01 02 04 02 02 01 03 03 04 04 01 04 04 04 04 03 01 -9 04 03 04 03 04 03 04 02 03 03 01 04 04 04 01 03 03 03 03 04 01 03 03 02 02 03 03 01 01 02 03 04 01 03 03 01 02 03 03 02 02 04 02 03 03 04 04 03 04 02 04 04 01 02 02 01 01 02 04 01 02 03 03 04 02 01 03 03 03 01 01 04 04 03
LE23	4	03 03 02 01 03 03 02 02 01 02 04 01 02 01 02 01 02 02 01 04 04 02 04 01 01 01 04 01 04 03 01 03 04 01 01 02 01 02 01 04 01 04 03 03 03 04 01 03 01 03 02 03 03 01 01 02 03 03 01 01 03 01 02 01 -9 02 04 -9 02 01 01 02 04 03 03 02 04 02 01 02 01 01 01 02 04 01 01 01 01 02 02 01 03 02 03 01 01 02 02 03
LE23	4	03 03 02 01 03 03 02 03 02 03 04 02 04 03 03 03 04 02 03 04 04 02 04 01 01 01 04 03 04 03 01 03 04 02 01 03 01 04 04 04 02 04 03 03 03 04 03 03 03 03 02 03 03 03 01 02 03 04 01 03 04 01 02 01 -9 03 04 -9 02 01 03 02 04 03 04 02 04 02 01 02 01 01 01 02 04 03 01 03 03 04 04 03 03 02 03 03 04 04 02 03
LHARD32	4	03 03 02 -9 01 01 02 02 01 02 04 01 02 01 02 01 02 02 01 02 04 02 02 01 02 01 01 01 02 03 01 01 04 02 01 02 01 02 01 04 02 03 01 03 03 03 01 03 01 03 02 01 01 01 01 02 03 03 01 01 03 01 02 01 03 02 02 04 02 01 01 02 02 03 03 02 03 02 01 02 01 01 01 02 04 01 02 03 01 02 02 01 01 02 03 03 01 02 02 02
LHARD32	4	03 03 02 -9 03 03 02 03 02 02 04 02 04 03 03 01 04 04 01 04 04 02 04 01 02 01 01 03 04 03 01 03 04 02 03 03 01 04 04 04 02 04 03 03 03 04 03 03 03 03 02 01 03 03 03 02 04 04 03 03 04 01 02 03 03 03 04 04 02 01 03 02 04 03 03 04 04 04 01 02 01 01 02 02 04 01 02 03 03 04 04 03 03 02 03 03 04 04 04 03
LHARD33	4	03 03 02 01 01 03 02 03 01 02 04 01 02 01 02 01 02 02 01 02 04 02 02 01 01 01 04 03 04 01 04 03 02 01 01 02 01 04 04 04 01 04 01 02 03 04 01 03 03 03 01 03 01 01 01 02 03 04 01 01 03 01 02 01 03 02 02 04 02 01 01 02 02 01 03 02 03 02 01 02 02 01 01 02 04 01 01 01 03 02 02 01 01 02 03 01 04 02 02 02
LHARD33	4	03 03 04 03 03 03 02 03 01 02 04 02 04 03 03 03 04 04 01 02 04 02 04 03 01 03 04 03 04 03 04 03 04 02 03 02 03 04 04 04 02 04 03 03 03 04 03 03 03 03 02 03 01 03 01 02 03 04 01 03 04 01 02 01 03 03 04 04 02 03 03 02 02 03 04 04 04 02 01 02 02 01 02 02 04 03 02 03 03 02 04 03 03 02 03 03 04 04 04 02
LHARD34	4	03 02 02 01 01 01 02 03 01 03 02 02 02 01 03 03 02 02 01 02 04 02 02 01 02 01 04 01 04 01 04 03 04 01 01 02 01 04 04 04 01 03 01 02 01 03 01 03 01 03 02 01 01 01 01 02 03 03 01 01 03 01 02 01 04 03 02 04 02 01 01 02 02 03 04 02 03 02 01 02 01 01 01 02 04 01 01 01 01 04 02 01 01 02 02 03 01 02 02 03
LHARD34	4	03 03 04 01 01 03 03 03 01 03 04 02 04 01 03 03 04 02 03 02 04 04 04 03 02 03 04 03 04 03 04 03 04 02 03 03 01 04 04 04 02 03 03 02 03 04 03 03 03 03 02 03 03 03 01 02 03 04 01 03 03 01 02 03 04 03 02 04 02 03 03 02 04 03 04 02 04 02 01 02 01 01 01 02 04 03 02 03 03 04 04 01 03 03 03 03 01 04 04 03
LHARD35	4	03 02 02 -9 03 01 02 02 01 02 04 01 02 01 02 01 02 02 01 02 04 02 02 01 01 03 04 01 02 03 01 01 04 01 01 03 01 02 04 04 01 04 03 03 03 03 03 03 01 02 02 03 03 01 01 02 03 04 03 01 03 01 02 01 03 02 02 04 02 01 03 02 02 03 03 02 03 02 01 02 01 01 01 02 04 01 01 01 01 02 02 01 03 02 03 01 01 02 02 02
LHARD35	4	03 03 04 -9 03 03 02 03 02 03 04 02 02 03 03 03 02 04 03 02 04 04 02 01 02 03 04 03 04 03 04 03 04 01 03 03 01 04 04 04 02 04 03 03 03 04 03 03 03 02 02 03 03 03 01 02 03 04 03 03 04 04 02 03 03 02 04 04 02 01 03 02 02 03 04 02 04 02 01 02 01 01 02 02 04 01 02 03 03 04 02 03 03 03 03 01 01 04 02 03
LHARD36	4	01 02 02 01 03 03 02 03 01 02 04 02 04 01 02 03 04 04 01 02 03 02 04 03 02 01 01 01 04 03 01 01 04 01 01 02 01 02 01 04 01 03 01 03 03 03 01 03 01 02 02 01 01 01 01 02 03 04 01 03 03 01 01 01 03 02 02 04 02 01 01 02 04 03 04 02 04 02 01 02 02 01 01 02 04 01 01 01 01 04 04 01 01 02 03 01 01 02 02 03
LHARD36	4	03 03 02 03 03 03 02 03 01 02 04 02 04 01 03 03 04 04 01 02 04 02 04 03 02 01 04 03 04 03 04 01 04 02 01 02 01 04 04 04 02 04 03 03 03 04 03 03 03 02 02 03 03 03 03 03 04 04 03 03 03 01 02 01 04 03 02 04 02 03 01 02 04 03 04 02 04 04 01 04 02 01 01 02 04 01 02 03 01 04 04 01 03 03 03 03 01 04 02 03
RM09	4	01 03 02 03 01 01 03 02 01 03 02 02 02 01 03 01 02 02 01 04 04 02 04 01 01 03 04 01 02 01 01 03 04 02 01 03 01 04 04 04 02 03 03 03 03 03 03 03 03 -9 02 03 01 01 01 02 03 04 01 01 03 01 02 01 03 03 02 04 02 01 03 02 -9 03 03 02 03 02 01 02 01 01 01 02 04 01 01 03 01 02 -9 01 03 02 03 01 04 02 02 03
RM09	4	03 03 02 03 03 03 03 03 01 03 04 02 02 01 03 01 02 02 01 04 04 02 04 03 01 03 04 01 04 03 01 03 04 02 01 03 03 04 04 04 02 03 03 03 03 03 03 03 03 -9 02 03 03 03 03 03 04 04 03 03 03 01 02 03 04 03 02 04 02 01 03 02 -9 03 03 02 03 02 03 02 02 01 01 02 04 01 01 03 03 04 -9 01 03 03 03 03 04 04 02 03
RM1	4	01 03 02 01 03 01 02 02 01 02 02 02 02 01 03 01 02 02 01 02 03 02 02 01 01 01 04 01 02 03 04 03 02 01 03 02 03 02 01 04 01 03 01 03 01 03 01 03 01 02 01 01 01 01 01 02 03 04 01 01 03 01 02 01 03 02 02 04 02 01 01 02 04 01 04 02 03 02 01 02 01 01 01 02 04 01 02 01 01 02 02 01 03 02 03 01 01 02 02 03
RM1	4	03 03 04 01 03 03 02 03 02 03 04 02 04 01 03 03 04 04 03 02 04 04 02 01 02 03 04 03 04 03 04 03 04 02 03 03 03 02 01 04 01 04 03 03 03 03 01 03 01 03 02 03 03 03 01 02 03 04 03 03 03 01 02 03 03 02 02 04 02 03 03 04 04 01 04 02 04 02 01 02 02 03 02 02 04 01 02 03 03 04 04 01 03 03 03 03 04 02 04 03
RM11	4	01 02 02 01 01 03 02 03 02 03 04 02 02 01 02 03 02 04 03 02 04 02 02 01 01 01 01 01 02 03 -9 01 02 02 01 02 01 04 04 04 01 04 03 02 03 03 03 03 03 02 02 01 03 01 03 03 04 03 01 03 03 01 01 03 03 02 02 02 01 01 01 02 02 03 03 02 03 02 01 02 02 01 01 02 04 01 01 01 01 02 02 01 03 02 03 01 01 02 02 03
RM11	4	03 03 04 01 03 03 02 03 02 03 04 02 04 01 02 03 04 04 03 04 04 04 04 03 02 03 04 01 04 03 -9 01 04 02 03 03 03 04 04 04 02 04 03 03 03 03 03 03 03 03 02 01 03 01 03 03 04 04 01 03 03 01 02 03 03 03 02 04 02 03 03 04 02 03 04 02 04 02 01 04 02 01 02 02 04 01 01 03 03 04 04 01 03 02 03 01 01 02 04 03
RM12	4	01 03 02 01 03 03 02 03 01 02 04 01 02 01 03 01 02 02 01 04 03 02 02 01 01 03 04 01 04 03 04 01 04 02 01 02 01 04 04 04 01 03 01 03 01 03 01 01 03 02 02 03 01 01 01 02 03 04 01 03 03 01 01 01 03 02 02 04 02 01 03 02 02 03 04 02 04 02 01 02 01 01 01 02 02 01 01 01 01 02 02 01 03 02 03 01 01 04 02 03
RM12	4	03 03 02 01 03 03 02 03 01 03 04 02 02 03 03 03 04 04 03 04 04 04 04 03 02 03 04 03 04 03 04 01 04 02 03 02 01 04 04 04 01 04 03 03 03 03 01 03 03 02 02 03 03 01 01 02 03 04 01 03 04 01 02 01 03 03 04 04 02 03 03 04 02 03 04 04 04 02 03 02 02 03 01 02 04 01 02 03 01 04 02 03 03 03 03 03 01 04 02 03
RM13	4	03 02 02 03 03 01 02 02 01 02 02 02 02 01 02 01 02 02 01 02 04 02 04 01 01 01 04 03 04 03 01 01 04 02 03 02 01 04 04 04 01 04 01 03 03 03 03 03 03 02 02 01 01 03 01 02 03 03 01 03 03 01 02 01 03 02 02 04 02 01 01 02 02 03 03 02 03 02 01 02 01 01 01 02 04 01 01 03 03 02 02 01 03 02 03 03 01 04 02 03
RM13	4	03 03 02 03 03 03 02 03 02 02 04 02 04 01 02 01 04 04 01 02 04 02 04 03 02 03 04 03 04 03 04 03 04 02 03 03 01 04 04 04 02 04 03 03 03 04 03 03 03 02 02 01 03 03 01 02 03 04 01 03 03 01 02 03 03 03 02 04 02 01 03 02 02 03 04 04 04 02 03 04 01 01 02 02 04 01 01 03 03 04 04 01 03 03 03 03 04 04 04 03
