	TP461 TP694 TP994 TP1606 TP1926 TP2404 TP3490 TP3495 TP4012 TP4085 TP4883 TP4965 TP5014 TP5034 TP5189 TP5287 TP5370 TP5526 TP5984 TP6046 TP6237 TP6826 TP7609 TP9235 TP10055 TP10539 TP11085 TP11381 TP11683 TP21813 TP21989 TP22176 TP22857 TP23317 TP23426
ALL02	1	04 01 04 02 02 03 02 03 02 01 01 -9 01 01 04 01 02 04 01 04 01 02 01 01 01 01 03 01 01 02 02 03 02 04 01
ALL02	1	04 01 04 02 04 03 04 03 02 04 01 -9 03 03 04 03 02 04 01 04 03 02 01 01 01 01 03 02 04 02 04 03 03 04 03
ALL03	1	04 01 04 04 04 -9 -9 03 02 04 01 -9 -9 03 04 03 02 04 -9 04 01 02 03 -9 02 -9 02 01 01 02 02 -9 -9 04 -9
ALL03	1	04 01 04 04 04 -9 -9 03 02 04 01 -9 -9 03 04 03 02 04 -9 04 01 04 03 -9 02 -9 02 01 04 02 02 -9 -9 04 -9
ALL04	1	02 04 02 02 02 03 02 03 02 04 01 02 01 01 02 03 04 04 01 03 01 02 01 01 01 01 03 01 04 01 02 01 02 02 03
ALL04	1	04 04 04 04 04 04 04 03 02 04 01 02 03 03 02 03 04 04 01 03 03 02 03 01 01 03 03 01 04 02 04 03 02 04 03
ALL05	1	02 01 02 02 04 03 02 03 02 04 01 02 01 03 04 01 04 04 01 03 01 02 01 01 01 01 03 01 01 01 02 03 03 02 03
ALL05	1	04 04 04 02 04 03 04 03 04 04 03 02 03 03 04 03 04 04 01 03 03 02 03 01 02 01 03 01 01 02 02 03 03 04 03
ALL06	1	04 04 04 04 02 03 04 03 02 04 01 02 01 01 -9 01 -9 04 03 04 01 02 01 01 01 01 02 01 01 01 02 03 03 02 01
ALL06	1	04 04 04 04 04 03 04 03 04 04 01 02 01 03 -9 03 -9 04 03 04 01 04 03 02 01 01 02 01 01 01 02 03 03 02 01
ALL11	1	02 01 02 02 04 03 02 03 02 01 01 02 03 01 02 01 04 02 01 04 03 04 03 02 01 01 03 01 01 01 02 03 02 02 03
ALL11	1	04 04 02 04 04 03 02 03 02 04 01 02 03 03 02 03 04 04 01 04 03 04 03 02 02 03 03 01 04 01 02 03 03 04 03
ALL12	1	04 01 04 02 02 04 04 01 02 04 01 04 01 03 02 01 02 04 01 03 01 02 01 01 01 01 02 01 01 01 02 03 02 02 03
ALL12	1	04 04 04 02 04 04 04 01 02 04 01 04 03 03 04 01 04 04 01 04 01 04 01 01 01 01 02 01 01 01 04 03 03 04 03
ALLATOONA01	1	02 04 02 02 04 03 02 01 02 01 03 02 01 01 04 01 02 04 01 04 01 02 01 01 01 01 02 01 01 01 02 03 02 02 03
ALLATOONA01	1	02 04 04 02 04 03 04 03 02 04 03 04 01 03 04 03 04 04 01 04 03 02 03 02 02 01 03 01 04 02 04 03 02 04 03
ALLATOONA10	1	02 04 02 02 04 03 02 03 02 04 01 02 03 01 02 01 02 02 01 04 03 02 03 01 01 03 02 01 01 01 02 03 02 04 03
ALLATOONA10	1	02 04 02 02 04 03 02 03 02 04 01 02 03 03 02 03 04 04 01 04 03 04 03 02 02 03 03 01 04 01 04 03 02 04 03
GU36	1	02 01 02 02 02 03 02 03 02 04 03 02 03 01 02 01 04 04 01 03 01 02 03 01 01 -9 02 01 01 01 02 01 02 02 03
GU36	1	02 04 04 02 04 03 04 03 02 04 03 02 03 03 02 03 04 04 01 04 03 02 03 02 01 -9 02 01 01 02 02 03 02 04 03
GU42	1	02 01 02 02 02 04 02 01 02 01 01 02 03 01 02 01 02 04 01 03 01 02 01 01 01 01 02 01 01 02 04 01 02 04 03
GU42	1	04 04 04 04 04 04 04 03 04 04 03 04 03 03 02 03 04 04 03 03 03 04 01 01 01 01 03 01 01 02 04 03 03 04 03
GU45	1	02 04 04 02 02 03 04 03 02 04 01 02 03 01 02 03 -9 02 01 03 01 02 03 01 01 03 02 01 01 02 02 03 02 04 01
GU45	1	04 04 04 02 02 04 04 03 02 04 01 02 03 03 02 03 -9 02 01 04 03 04 03 02 01 03 03 02 01 02 04 03 02 04 03
GU46	1	02 04 04 02 02 04 04 01 02 01 01 02 01 01 02 03 04 04 01 03 01 02 01 01 01 01 02 01 01 01 02 03 02 02 03
GU46	1	04 04 04 02 04 04 04 03 02 04 01 04 01 03 04 03 04 04 01 04 03 02 03 02 02 01 02 01 01 01 04 03 03 02 03
GU51	1	02 01 02 02 02 04 02 03 02 01 01 02 03 03 02 03 02 02 01 03 03 02 01 01 01 01 02 01 01 02 02 03 03 02 03
GU51	1	04 04 04 02 02 04 04 03 04 04 03 02 03 03 02 03 04 04 03 03 03 02 01 02 01 01 03 02 04 02 04 03 03 04 03
GU55	1	02 01 02 04 02 03 02 01 02 04 01 02 03 01 02 01 02 04 01 03 03 02 01 01 01 01 02 01 01 02 02 01 02 04 03
GU55	1	04 04 04 04 04 03 04 03 02 04 01 04 03 03 02 01 02 04 03 04 03 04 01 02 02 01 03 01 01 02 04 01 02 04 03
GU56	1	02 01 02 02 02 -9 02 03 02 01 01 02 01 03 02 03 02 04 01 03 01 02 03 01 01 01 02 01 01 02 02 01 02 04 01
GU56	1	04 04 04 04 04 -9 04 03 04 04 03 04 03 03 04 03 04 04 03 03 03 04 03 01 01 01 03 01 04 02 02 03 02 04 03
GU57	1	-9 01 02 02 04 04 02 01 02 01 03 02 03 01 02 01 02 02 01 03 01 02 03 01 01 01 02 01 01 02 02 01 02 02 03
GU57	1	-9 01 04 04 04 04 04 03 04 01 03 04 03 03 02 03 04 04 03 03 03 04 03 02 01 01 03 01 01 02 02 03 02 04 03
GU58	1	02 04 02 02 02 04 02 01 02 04 01 02 03 03 02 01 02 04 01 03 03 02 03 02 01 01 03 01 01 02 02 01 03 -9 01
GU58	1	02 04 04 02 02 04 04 03 02 04 01 02 03 03 02 03 04 04 03 03 03 02 03 02 01 01 03 01 04 02 02 01 03 -9 01
GU61	1	02 01 04 02 04 03 04 01 04 01 01 02 03 01 02 03 04 02 01 04 01 02 03 02 01 01 02 01 01 -9 -9 01 03 02 03
GU61	1	02 04 04 02 04 03 04 03 04 04 03 02 03 01 02 03 04 02 01 04 03 04 03 02 02 01 02 02 04 -9 -9 03 03 04 03
LAMAR2	1	02 04 02 02 04 03 04 01 02 01 01 02 01 01 04 03 04 02 01 04 01 02 01 01 02 01 02 01 04 01 04 01 03 02 01
LAMAR2	1	04 04 04 02 04 03 04 03 04 04 01 02 03 03 04 03 04 04 01 04 01 02 01 02 02 03 03 02 04 02 04 03 03 04 03
LE04	1	04 01 02 02 02 03 02 03 02 04 01 02 01 01 02 01 04 04 01 03 01 02 03 01 01 01 03 01 04 01 02 01 02 04 03
LE04	1	04 04 04 04 04 04 04 03 04 04 03 02 03 03 02 01 04 04 01 04 03 04 03 01 02 01 03 01 04 02 02 03 02 04 03
LE05	1	02 01 02 04 02 03 02 03 02 01 01 02 01 03 02 01 02 04 01 03 03 04 03 01 01 01 02 01 01 01 02 03 02 02 01
LE05	1	04 01 02 04 04 03 02 03 02 04 03 02 03 03 04 03 04 04 03 04 03 04 03 02 01 01 03 01 01 02 04 03 02 02 01
LE10	1	02 01 02 04 04 03 02 01 02 01 01 02 03 03 02 01 02 02 03 03 03 02 03 01 01 01 03 01 01 01 02 03 02 04 03
LE10	1	04 04 02 04 04 04 02 01 02 04 03 04 03 03 02 01 02 04 03 04 03 02 03 02 01 03 03 01 04 02 02 03 02 04 03
LE21	1	04 01 02 04 04 -9 02 01 02 01 01 04 03 03 02 01 02 04 01 03 01 04 03 02 01 01 03 01 01 01 02 03 02 04 03
LE21	1	04 04 04 04 04 -9 04 03 02 04 03 04 03 03 02 03 02 04 03 03 03 04 03 02 02 01 03 01 04 02 04 03 02 04 03
LE23	1	02 01 02 02 02 03 02 01 02 04 01 02 01 03 02 01 04 02 01 03 03 02 03 01 01 01 03 01 04 02 02 03 02 04 03
LE23	1	04 01 02 04 02 03 02 03 02 04 03 04 03 03 02 01 04 04 03 04 03 04 03 01 01 03 03 01 04 02 02 03 02 04 03
LHARD32	1	02 04 02 02 04 03 02 01 02 04 01 02 01 03 04 01 02 02 01 04 03 02 03 01 01 01 03 01 04 01 04 03 02 04 03
LHARD32	1	04 04 02 04 04 03 02 03 02 04 03 04 03 03 04 01 02 02 03 04 03 02 03 02 02 03 03 01 04 01 04 03 03 04 03
LHARD33	1	04 04 02 02 04 03 02 03 02 04 01 04 03 03 02 01 04 02 01 03 03 02 03 01 01 01 02 01 01 01 02 01 03 04 03
LHARD33	1	04 04 02 04 04 03 04 03 02 04 01 04 03 03 02 03 04 04 03 04 03 04 03 01 02 03 03 02 01 01 02 03 03 04 03
LHARD34	1	04 01 02 02 04 04 02 01 02 01 01 02 01 03 04 01 02 02 01 03 01 02 03 02 01 01 03 01 01 01 02 03 03 04 03
LHARD34	1	04 04 04 04 04 04 02 03 04 01 03 04 03 03 04 03 04 02 03 04 03 04 03 02 02 03 03 01 04 02 04 03 03 04 03
LHARD35	1	02 04 02 02 04 03 02 01 02 01 03 02 01 01 02 01 02 04 01 03 03 02 03 01 01 01 03 01 01 02 02 01 02 04 03
LHARD35	1	02 04 02 02 04 03 02 03 02 04 03 04 03 03 04 01 02 04 03 03 03 04 03 01 01 01 03 01 01 02 04 01 02 04 03
LHARD36	1	04 01 02 02 04 03 02 01 02 01 01 02 01 03 02 03 02 02 01 03 03 02 03 01 01 01 03 01 01 02 02 03 02 04 01
LHARD36	1	04 01 02 04 04 03 02 01 04 04 01 04 03 03 04 03 04 04 03 04 03 04 03 02 02 03 03 02 04 02 04 03 02 04 03
RM09	1	02 04 04 02 02 04 04 01 02 04 01 04 01 01 02 01 02 02 01 03 01 02 01 01 02 01 03 01 01 01 02 01 02 02 03
RM09	1	04 04 04 02 04 04 04 03 02 04 01 04 03 03 02 03 02 04 03 04 01 04 03 02 02 01 03 01 01 02 02 01 02 04 03
RM1	1	02 01 02 02 02 03 02 01 02 01 01 02 03 01 02 01 02 02 01 03 03 04 01 01 02 01 03 01 01 01 02 03 02 04 03
RM1	1	04 04 02 04 04 03 02 03 02 04 03 02 03 03 02 01 04 04 03 04 03 04 03 02 02 01 03 01 04 02 02 03 02 04 03
RM11	1	02 01 02 02 02 03 02 01 02 01 01 02 01 01 02 01 02 04 01 03 03 02 03 01 01 01 02 01 01 01 02 03 02 04 01
RM11	1	02 01 02 02 04 03 02 01 02 01 03 02 03 03 02 03 02 04 03 03 03 02 03 01 02 03 03 01 01 02 02 03 03 04 03
RM12	1	04 04 02 02 02 03 02 01 02 04 01 02 01 01 02 01 02 02 01 03 01 02 03 01 02 01 03 01 01 01 02 01 02 02 03
RM12	1	04 04 04 04 02 03 04 03 02 04 01 04 01 03 02 03 04 04 03 03 03 02 03 02 02 01 03 01 01 02 04 03 02 04 03
RM13	1	04 01 04 02 02 03 04 01 02 01 01 02 03 03 02 03 02 02 01 03 01 02 03 01 01 01 03 01 01 01 02 01 02 02 01
RM13	1	04 04 04 04 04 03 04 01 04 04 03 02 03 03 04 03 02 02 03 03 01 04 03 01 02 01 03 01 01 02 02 03 02 04 03
