	X2FLContig12388 X2FLContig1240 X2FLContig13020 X2FLContig18667 X2FLContig19961 X2FLContig2242 X2FLContig22709 X2FLContig22803 X2FLContig28601 X2FLContig2880 X2FLContig31979 X2FLContig3379 X2FLContig36172 X2FLContig4936 X2FLContig5713 X2FLContig6920 X2FLContig9758 X2FLContig9870 X2NBContig8717 FLContig11272 FLContig15950 FLContig16665 FLContig17151 FLContig18101 FLContig1826 FLContig20908 FLContig21621 FLContig21676 FLContig21917 FLContig23008 FLContig23633 FLContig2635 FLContig3296 FLContig3616 FLContig4773 FLContig4919 FLContig6127 NBContig12358
FL_01	1	04 04 03 03 04 04 04 04 01 01 04 03 04 02 01 02 03 03 04 04 04 01 01 02 04 01 03 03 02 03 02 01 04 01 02 04 02 03
FL_01	1	04 04 03 03 04 04 04 04 01 01 04 03 04 02 01 02 03 03 04 04 04 01 01 02 04 01 03 03 02 03 02 01 04 01 02 04 02 03
FL_02	1	04 04 03 03 04 04 04 04 01 01 04 03 04 02 01 02 03 03 04 04 04 01 01 02 04 01 03 03 02 03 02 01 04 01 02 04 02 03
FL_02	1	04 04 03 03 04 04 04 04 01 01 04 03 04 02 01 02 03 03 04 04 04 01 01 02 04 01 03 03 02 03 02 01 04 01 02 04 02 03
FL_03	1	04 04 03 03 04 04 04 04 01 01 04 03 04 02 01 02 03 03 04 04 04 01 01 02 04 01 03 03 02 03 02 01 04 01 02 04 02 03
FL_03	1	04 04 03 03 04 04 04 04 01 01 04 03 04 02 01 02 03 03 04 04 04 01 01 02 04 01 03 03 02 03 02 01 04 01 02 04 02 03
FL_04	1	04 04 03 03 04 04 04 04 01 01 04 03 04 02 01 02 03 03 04 04 04 01 01 02 04 01 03 03 02 03 02 01 04 01 02 04 02 03
FL_04	1	04 04 03 03 04 04 04 04 01 01 04 03 04 02 01 02 03 03 04 04 04 01 01 02 04 01 03 03 02 03 02 01 04 01 02 04 02 03
FL_05	1	04 04 03 03 04 04 04 04 01 01 04 03 04 02 01 02 03 03 04 04 04 01 01 02 04 01 03 03 02 03 02 01 04 01 02 04 02 03
FL_05	1	04 04 03 03 04 04 04 04 01 01 04 03 04 02 01 02 03 03 04 04 04 01 01 02 04 01 03 03 02 03 02 01 04 01 02 04 02 03
FL_06	1	04 04 03 03 04 04 04 04 01 01 04 03 04 02 01 02 03 03 04 04 04 01 01 02 04 01 03 03 02 03 02 01 04 01 02 04 02 03
FL_06	1	04 04 03 03 04 04 04 04 01 01 04 03 04 02 01 02 03 03 04 04 04 01 01 02 04 01 03 03 02 03 02 01 04 01 02 04 02 03
FL_07	1	04 04 03 03 04 04 04 04 01 01 04 03 04 02 01 02 03 03 04 04 04 01 01 02 04 01 03 03 02 03 02 01 04 01 02 04 02 03
FL_07	1	04 04 03 03 04 04 04 04 01 01 04 03 04 02 01 02 03 03 04 04 04 01 01 02 04 01 03 03 02 03 02 01 04 01 02 04 02 03
FL_08	1	04 04 03 03 04 04 04 04 01 01 04 03 04 02 01 02 03 03 04 04 04 01 01 02 04 01 03 03 02 03 02 01 04 01 02 04 02 03
FL_08	1	04 04 03 03 04 04 04 04 01 01 04 03 04 02 01 02 03 03 04 04 04 01 01 02 04 01 03 03 02 03 02 01 04 01 02 04 02 03
FL_09	1	04 04 03 03 04 04 04 04 01 01 04 03 04 02 01 02 03 03 04 04 04 01 01 02 04 01 03 03 02 03 02 01 04 01 02 04 02 03
FL_09	1	04 04 03 03 04 04 04 04 01 01 04 03 04 02 01 02 03 03 04 04 04 01 01 02 04 01 03 03 02 03 02 01 04 01 02 04 02 03
FL_10	1	04 04 03 03 04 04 04 04 01 01 04 03 04 02 01 02 03 03 04 04 04 01 01 02 04 01 03 03 02 03 02 01 04 01 02 04 02 03
FL_10	1	04 04 03 03 04 04 04 04 01 01 04 03 04 02 01 02 03 03 04 04 04 01 01 02 04 01 03 03 02 03 02 01 04 01 02 04 02 03
FL_11	1	04 04 03 03 04 04 04 04 01 01 04 03 04 02 01 02 03 03 04 04 04 01 01 02 04 01 03 03 02 03 02 01 04 01 02 04 02 03
FL_11	1	04 04 03 03 04 04 04 04 01 01 04 03 04 02 01 02 03 03 04 04 04 01 01 02 04 01 03 03 02 03 02 01 04 01 02 04 02 03
FL_12	1	04 04 03 03 04 04 04 04 01 01 04 03 04 02 01 02 03 03 04 04 04 01 01 02 04 01 03 03 02 03 02 01 04 01 02 04 02 03
FL_12	1	04 04 03 03 04 04 04 04 01 01 04 03 04 02 01 02 03 03 04 04 04 01 01 02 04 01 03 03 02 03 02 01 04 01 02 04 02 03
FL_13	1	04 04 03 03 04 04 04 04 01 01 04 03 04 02 01 02 03 03 04 04 04 01 01 02 04 01 03 03 02 03 02 01 04 01 02 04 02 03
FL_13	1	04 04 03 03 04 04 04 04 01 01 04 03 04 02 01 02 03 03 04 04 04 01 01 02 04 01 03 03 02 03 02 01 04 01 02 04 02 03
FL_14	1	04 04 03 03 04 04 04 04 01 01 04 03 04 02 01 02 03 03 04 04 04 01 01 02 04 01 03 03 02 03 02 01 04 01 02 04 02 03
FL_14	1	04 04 03 03 04 04 04 04 01 01 04 03 04 02 01 02 03 03 04 04 04 01 01 02 04 01 03 03 02 03 02 01 04 01 02 04 02 03
FL_15	1	04 04 03 03 04 04 04 04 01 01 04 03 04 02 01 02 03 03 04 04 04 01 01 02 04 01 03 03 02 03 02 01 04 01 02 04 02 03
FL_15	1	04 04 03 03 04 04 04 04 01 01 04 03 04 02 01 02 03 03 04 04 04 01 01 02 04 01 03 03 02 03 02 01 04 01 02 04 02 03
FL_16	1	04 04 03 03 04 04 04 04 01 01 04 03 04 02 01 02 03 03 04 04 04 01 01 02 04 01 03 03 02 03 02 01 04 01 02 04 02 03
FL_16	1	04 04 03 03 04 04 04 04 01 01 04 03 04 02 01 02 03 03 04 04 04 01 01 02 04 01 03 03 02 03 02 01 04 01 02 04 02 03
NB_01	2	01 02 01 01 02 02 03 03 03 04 01 01 02 04 03 04 04 01 02 02 02 02 04 01 01 03 01 01 04 04 04 03 03 03 04 03 03 01
NB_01	2	01 02 01 01 02 02 03 03 03 04 01 01 02 04 03 04 04 01 02 02 02 02 04 01 01 03 01 01 04 04 04 03 03 03 04 03 03 01
NB_02	2	01 02 01 01 02 02 03 03 03 04 01 01 02 04 03 04 04 01 02 02 02 02 04 01 01 03 01 01 04 04 04 03 03 03 04 03 03 01
NB_02	2	01 02 01 01 02 02 03 03 03 04 01 01 02 04 03 04 04 01 02 02 02 02 04 01 01 03 01 01 04 04 04 03 03 03 04 03 03 01
NB_03	2	01 02 01 01 02 02 03 03 03 04 01 01 02 04 03 04 04 01 02 02 02 02 04 01 01 03 01 01 04 04 04 03 03 03 04 03 03 01
NB_03	2	01 02 01 01 02 02 03 03 03 04 01 01 02 04 03 04 04 01 02 02 02 02 04 01 01 03 01 01 04 04 04 03 03 03 04 03 03 01
NB_04	2	01 02 01 01 02 02 03 03 03 04 01 01 02 04 03 04 04 01 02 02 02 02 04 01 01 03 01 01 04 04 04 03 03 03 04 03 03 01
NB_04	2	01 02 01 01 02 02 03 03 03 04 01 01 02 04 03 04 04 01 02 02 02 02 04 01 01 03 01 01 04 04 04 03 03 03 04 03 03 01
NB_05	2	01 02 01 01 02 02 03 03 03 04 01 01 02 04 03 04 04 01 02 02 02 02 04 01 01 03 01 01 04 04 04 03 03 03 04 03 03 01
NB_05	2	01 02 01 01 02 02 03 03 03 04 01 01 02 04 03 04 04 01 02 02 02 02 04 01 01 03 01 01 04 04 04 03 03 03 04 03 03 01
NB_06	2	01 02 01 01 02 02 03 03 03 04 01 01 02 04 03 04 04 01 02 02 02 02 04 01 01 03 01 01 04 04 04 03 03 03 04 03 03 01
NB_06	2	01 02 01 01 02 02 03 03 03 04 01 01 02 04 03 04 04 01 02 02 02 02 04 01 01 03 01 01 04 04 04 03 03 03 04 03 03 01
NB_07	2	01 02 01 01 02 02 03 03 03 04 01 01 02 04 03 04 04 01 02 02 02 02 04 01 01 03 01 01 04 04 04 03 03 03 04 03 03 01
NB_07	2	01 02 01 01 02 02 03 03 03 04 01 01 02 04 03 04 04 01 02 02 02 02 04 01 01 03 01 01 04 04 04 03 03 03 04 03 03 01
NB_08	2	01 02 01 01 02 02 03 03 03 04 01 01 02 04 03 04 04 01 02 02 02 02 04 01 01 03 01 01 04 04 04 03 03 03 04 03 03 01
NB_08	2	01 02 01 01 02 02 03 03 03 04 01 01 02 04 03 04 04 01 02 02 02 02 04 01 01 03 01 01 04 04 04 03 03 03 04 03 03 01
NB_09	2	01 02 01 01 02 02 03 03 03 04 01 01 02 04 03 04 04 01 02 02 02 02 04 01 01 03 01 01 04 04 04 03 03 03 04 03 03 01
NB_09	2	01 02 01 01 02 02 03 03 03 04 01 01 02 04 03 04 04 01 02 02 02 02 04 01 01 03 01 01 04 04 04 03 03 03 04 03 03 01
NB_10	2	01 02 01 01 02 02 03 03 03 04 01 01 02 04 03 04 04 01 02 02 02 02 04 01 01 03 01 01 04 04 04 03 03 03 04 03 03 01
NB_10	2	01 02 01 01 02 02 03 03 03 04 01 01 02 04 03 04 04 01 02 02 02 02 04 01 01 03 01 01 04 04 04 03 03 03 04 03 03 01
NB_11	2	01 02 01 01 02 02 03 03 03 04 01 01 02 04 03 04 04 01 02 02 02 02 04 01 01 03 01 01 04 04 04 03 03 03 04 03 03 01
NB_11	2	01 02 01 01 02 02 03 03 03 04 01 01 02 04 03 04 04 01 02 02 02 02 04 01 01 03 01 01 04 04 04 03 03 03 04 03 03 01
NB_12	2	01 02 01 01 02 02 03 03 03 04 01 01 02 04 03 04 04 01 02 02 02 02 04 01 01 03 01 01 04 04 04 03 03 03 04 03 03 01
NB_12	2	01 02 01 01 02 02 03 03 03 04 01 01 02 04 03 04 04 01 02 02 02 02 04 01 01 03 01 01 04 04 04 03 03 03 04 03 03 01
NB_13	2	01 02 01 01 02 02 03 03 03 04 01 01 02 04 03 04 04 01 02 02 02 02 04 01 01 03 01 01 04 04 04 03 03 03 04 03 03 01
NB_13	2	01 02 01 01 02 02 03 03 03 04 01 01 02 04 03 04 04 01 02 02 02 02 04 01 01 03 01 01 04 04 04 03 03 03 04 03 03 01
NB_14	2	01 02 01 01 02 02 03 03 03 04 01 01 02 04 03 04 04 01 02 02 02 02 04 01 01 03 01 01 04 04 04 03 03 03 04 03 03 01
NB_14	2	01 02 01 01 02 02 03 03 03 04 01 01 02 04 03 04 04 01 02 02 02 02 04 01 01 03 01 01 04 04 04 03 03 03 04 03 03 01
NB_15	2	01 02 01 01 02 02 03 03 03 04 01 01 02 04 03 04 04 01 02 02 02 02 04 01 01 03 01 01 04 04 04 03 03 03 04 03 03 01
NB_15	2	01 02 01 01 02 02 03 03 03 04 01 01 02 04 03 04 04 01 02 02 02 02 04 01 01 03 01 01 04 04 04 03 03 03 04 03 03 01
NB_16	2	01 02 01 01 02 02 03 03 03 04 01 01 02 04 03 04 04 01 02 02 02 02 04 01 01 03 01 01 04 04 04 03 03 03 04 03 03 01
NB_16	2	01 02 01 01 02 02 03 03 03 04 01 01 02 04 03 04 04 01 02 02 02 02 04 01 01 03 01 01 04 04 04 03 03 03 04 03 03 01
APR_01	3	04 02 03 03 02 04 04 04 01 01 04 03 04 02 01 02 03 03 02 04 04 01 01 02 01 01 03 01 02 03 02 01 04 01 02 03 02 03
APR_01	3	04 04 03 03 04 04 04 04 03 01 04 03 04 02 01 02 03 03 04 04 04 01 01 02 04 01 03 01 02 03 04 03 04 03 02 04 02 03
APR_02	3	04 02 03 03 04 04 04 04 01 01 04 03 04 02 01 02 03 03 02 04 04 01 01 02 04 01 03 03 02 03 02 01 04 01 02 -9 02 03
APR_02	3	04 04 03 03 04 04 04 04 01 04 04 03 04 02 01 02 03 03 04 04 04 01 01 02 04 01 03 03 02 03 04 03 04 03 02 -9 02 03
APR_03	3	04 02 03 01 04 04 04 03 01 01 04 03 04 02 01 02 03 03 02 02 04 01 -9 02 04 01 01 03 02 03 04 01 04 01 02 03 02 03
APR_03	3	04 04 03 01 04 04 04 04 03 01 04 03 04 02 01 02 03 03 02 04 04 01 -9 02 04 01 03 03 02 03 04 03 04 01 04 04 02 03
APR_04	3	04 04 03 03 04 04 04 03 01 01 04 03 04 02 01 02 03 03 04 02 04 01 -9 02 04 01 03 03 02 03 02 01 04 01 02 03 02 03
APR_04	3	04 04 03 03 04 04 04 04 03 01 04 03 04 02 01 02 03 03 04 02 04 01 -9 02 04 01 03 03 02 03 02 03 04 01 02 04 02 03
APR_05	3	04 02 03 03 02 04 04 03 03 01 04 03 04 02 01 02 03 03 04 04 04 01 01 02 04 01 03 03 02 03 04 01 04 01 02 03 02 03
APR_05	3	04 04 03 03 04 04 04 04 03 04 04 03 04 02 01 04 03 03 04 04 04 01 01 02 04 01 03 03 02 03 04 03 04 03 02 04 02 03
APR_06	3	04 04 03 03 04 04 04 03 01 01 04 03 04 02 01 02 03 03 02 04 02 01 01 02 04 01 03 03 02 03 04 03 04 01 02 04 02 03
APR_06	3	04 04 03 03 04 04 04 04 01 01 04 03 04 02 01 02 03 03 04 04 04 01 01 02 04 01 03 03 02 03 04 03 04 01 02 04 02 03
APR_07	3	04 04 03 03 02 04 04 04 01 01 04 03 04 02 01 02 03 03 02 04 04 01 -9 02 01 01 03 03 02 03 04 01 04 01 02 04 02 03
APR_07	3	04 04 03 03 04 04 04 04 03 04 04 03 04 02 01 02 03 03 02 04 04 01 -9 02 04 03 03 03 02 03 04 03 04 03 04 04 02 03
APR_08	3	04 04 03 03 04 04 04 04 01 04 04 03 04 02 01 02 03 03 04 04 04 01 04 02 04 01 03 03 02 03 02 01 04 01 02 04 02 03
APR_08	3	04 04 03 03 04 04 04 04 03 04 04 03 04 02 01 02 03 03 04 04 04 01 04 02 04 01 03 03 02 03 02 01 04 01 02 04 02 03
APR_09	3	04 02 03 03 04 04 04 03 01 01 04 03 02 02 01 02 03 03 02 04 04 01 01 01 04 01 03 03 02 03 02 01 04 01 02 03 02 03
APR_09	3	04 04 03 03 04 04 04 04 03 01 04 03 04 02 01 02 03 03 04 04 04 01 01 02 04 01 03 03 02 03 04 01 04 01 02 04 02 03
APR_10	3	01 04 03 03 02 04 04 04 01 01 04 03 04 02 01 02 03 03 02 02 04 01 01 02 04 01 03 03 02 03 02 01 04 01 02 03 02 03
APR_10	3	04 04 03 03 04 04 04 04 01 04 04 03 04 02 01 04 03 03 02 02 04 01 01 02 04 01 03 03 02 03 04 03 04 01 02 04 02 03
APR_11	3	04 04 03 03 04 04 04 04 03 01 04 03 04 02 01 02 03 03 02 04 02 01 01 02 04 01 03 03 02 03 04 01 03 03 02 03 02 03
APR_11	3	04 04 03 03 04 04 04 04 03 01 04 03 04 02 01 02 03 03 04 04 02 01 01 02 04 01 03 03 02 03 04 03 04 03 02 04 02 03
APR_12	3	04 02 03 03 04 04 04 03 01 01 04 03 04 02 01 02 03 03 02 04 02 01 04 02 04 01 03 03 02 03 04 01 04 01 02 04 02 03
APR_12	3	04 02 03 03 04 04 04 04 01 04 04 03 04 02 01 02 03 03 04 04 04 01 04 02 04 01 03 03 02 03 04 01 04 01 02 04 03 03
APR_13	3	04 02 03 03 04 04 04 03 01 04 04 03 04 02 01 02 03 03 02 04 04 01 01 02 04 01 03 03 02 03 02 01 04 01 02 04 02 03
APR_13	3	04 02 03 03 04 04 04 04 01 04 04 03 04 02 01 02 03 03 04 04 04 01 01 02 04 01 03 03 02 03 02 01 04 01 02 04 02 03
APR_14	3	04 02 03 03 04 04 04 04 01 01 04 03 04 02 01 02 03 03 02 04 04 01 01 02 04 01 03 03 02 03 02 03 04 01 02 04 02 03
APR_14	3	04 04 03 03 04 04 04 04 03 01 04 03 04 02 01 02 03 03 04 04 04 01 01 02 04 01 03 03 02 03 04 03 04 01 02 04 02 03
APR_15	3	04 02 03 03 04 04 04 04 01 01 04 01 04 02 01 02 03 03 04 04 04 01 01 02 04 01 03 03 02 03 02 03 04 01 02 04 02 03
APR_15	3	04 04 03 03 04 04 04 04 01 04 04 03 04 02 01 02 03 03 04 04 04 01 01 02 04 01 03 03 02 03 04 03 04 03 02 04 02 03
APR_16	3	01 04 03 03 04 04 04 04 01 01 04 03 04 02 01 02 03 03 02 04 02 01 01 02 04 01 03 03 02 03 02 01 04 01 02 04 02 03
APR_16	3	04 04 03 03 04 04 04 04 03 01 04 03 04 02 01 02 03 03 04 04 04 01 01 02 04 01 03 03 04 03 04 03 04 03 02 04 02 03
CCTCB_006	4	01 04 03 03 02 04 03 03 03 04 04 01 04 02 01 02 03 03 -9 02 02 01 04 02 01 01 03 01 02 03 02 01 04 01 02 04 02 03
CCTCB_006	4	04 04 03 03 04 04 04 04 03 04 04 03 04 02 01 04 04 03 -9 04 04 01 04 02 04 01 03 03 02 03 04 01 04 03 04 04 03 03
CCTCB_016	4	01 02 01 03 -9 04 04 03 03 01 04 03 -9 02 01 02 04 03 02 04 04 01 04 01 01 01 03 01 04 03 02 01 04 01 02 04 03 -9
CCTCB_016	4	01 04 03 03 -9 04 04 04 03 04 04 03 -9 02 01 02 04 03 04 04 04 02 04 02 01 03 03 01 04 03 04 03 04 03 02 04 03 -9
CCTLMB_001	4	01 02 01 03 02 02 04 04 03 01 01 03 02 02 -9 02 04 01 02 02 04 01 01 02 01 03 01 01 02 03 02 01 04 03 02 04 02 03
CCTLMB_001	4	01 02 01 03 04 04 04 04 03 01 04 03 04 02 -9 04 04 03 02 02 04 01 04 02 01 03 03 01 04 03 04 01 04 03 04 04 03 03
CCTLMB_002	4	01 04 01 03 04 02 04 04 03 01 01 03 02 02 01 02 04 03 02 02 02 01 04 01 01 03 03 03 02 03 04 01 04 01 02 04 02 03
CCTLMB_002	4	04 04 01 03 04 04 04 04 03 04 04 03 04 02 01 02 04 03 02 02 04 02 04 02 01 03 03 03 04 03 04 03 04 01 02 04 03 03
CCTLMB_003	4	01 04 03 01 04 04 04 04 03 01 01 03 04 02 01 02 04 01 02 02 04 01 01 02 01 01 03 01 02 03 02 01 04 01 04 03 02 03
CCTLMB_003	4	01 04 03 03 04 04 04 04 03 01 04 03 04 02 03 02 04 01 04 04 04 01 04 02 01 03 03 03 02 03 04 01 04 03 04 04 03 03
CCTLMB_004	4	04 02 01 01 02 02 04 03 03 04 04 03 04 02 01 02 03 03 02 02 02 01 01 02 04 03 01 03 -9 03 02 03 04 03 04 03 02 03
CCTLMB_004	4	04 02 03 03 04 04 04 03 03 04 04 03 04 02 03 04 04 03 02 04 02 01 04 02 04 03 03 03 -9 03 04 03 04 03 04 04 03 03
CCTLMB_006	4	01 02 03 03 04 02 04 04 01 01 04 03 04 02 01 02 03 03 04 02 04 01 01 02 01 01 03 03 02 03 04 01 04 03 02 04 02 03
CCTLMB_006	4	04 04 03 03 04 04 04 04 01 01 04 03 04 04 01 04 04 03 04 04 04 01 04 02 04 03 03 03 02 03 04 01 04 03 02 04 03 03
CCTLMB_007	4	01 02 01 03 02 02 03 03 03 04 04 01 04 02 01 02 04 01 02 02 04 02 04 02 01 01 01 01 02 03 04 01 04 03 04 03 03 01
CCTLMB_007	4	01 02 01 03 02 04 04 04 03 04 04 03 04 02 03 04 04 03 04 02 04 02 04 02 01 03 01 01 04 03 04 03 04 03 04 04 03 03
CCTLMB_008	4	04 02 03 01 04 04 03 03 03 04 04 01 02 02 03 02 03 01 02 02 02 01 01 02 01 01 03 01 04 03 04 03 04 03 02 03 02 03
CCTLMB_008	4	04 02 03 03 04 04 04 04 03 04 04 01 04 02 03 02 04 03 02 02 04 02 04 02 04 03 03 03 04 03 04 03 04 03 04 03 03 03
CCTLMB_009	4	01 02 01 03 02 04 03 03 03 04 04 01 02 04 03 02 04 01 02 02 02 02 01 01 01 03 03 01 04 03 04 03 04 03 04 03 03 03
CCTLMB_009	4	01 04 03 03 02 04 04 03 03 04 04 01 04 04 03 04 04 03 02 02 04 02 04 02 01 03 03 03 04 04 04 03 04 03 04 04 03 03
CCTLMB_010	4	04 02 01 01 04 02 04 03 03 01 04 03 04 02 01 02 03 01 02 02 02 01 04 02 01 01 01 03 02 03 04 01 04 01 02 03 02 03
CCTLMB_010	4	04 04 03 03 04 02 04 04 03 04 04 03 04 02 03 04 04 03 02 04 04 02 04 02 04 03 01 03 04 03 04 01 04 03 04 03 03 03
CCTLMB_011	4	04 02 01 -9 02 04 04 04 01 01 04 03 04 02 01 02 03 03 02 02 04 01 01 01 01 01 03 03 04 03 02 03 04 03 -9 04 02 03
CCTLMB_011	4	04 02 03 -9 04 04 04 04 03 04 04 03 04 02 01 02 04 03 02 02 04 02 04 02 04 03 03 03 04 03 04 03 04 03 -9 04 03 03
CCTLMB_012	4	04 02 01 01 04 04 04 03 03 01 04 03 02 02 01 02 03 03 02 02 02 01 04 02 04 01 03 03 04 03 04 01 04 01 02 03 02 03
CCTLMB_012	4	04 04 03 03 04 04 04 04 03 04 04 03 04 02 03 04 04 03 02 04 02 01 04 02 04 03 03 03 04 03 04 03 04 03 02 04 03 03
CCTLMB_013	4	01 02 01 01 04 04 04 03 03 04 04 03 02 02 01 -9 04 01 04 02 02 -9 04 01 01 03 01 01 04 03 -9 01 04 01 04 03 03 03
CCTLMB_013	4	01 02 03 01 04 04 04 04 03 04 04 03 04 02 01 -9 04 01 04 02 04 -9 04 02 01 03 03 03 04 03 -9 01 04 03 04 03 03 03
CCTLMB_014	4	01 02 03 03 04 04 04 03 01 04 04 03 04 02 01 02 03 03 02 04 04 01 01 02 01 01 03 01 02 03 04 01 04 01 02 03 02 03
CCTLMB_014	4	04 02 03 03 04 04 04 04 03 04 04 03 04 02 01 02 03 03 04 04 04 01 01 02 04 03 03 03 04 03 04 03 04 03 02 04 03 03
CCTLMB_015	4	01 02 03 01 02 04 04 03 03 01 01 03 04 02 01 02 04 01 02 04 04 01 01 02 01 01 03 01 02 03 02 01 04 03 02 03 02 03
CCTLMB_015	4	01 04 03 03 04 04 04 04 03 04 04 03 04 02 03 02 04 03 04 04 04 02 01 02 01 01 03 03 02 03 02 01 04 03 02 03 02 03
CCTLMB_016	4	01 02 01 01 02 02 04 04 03 01 01 03 02 02 01 02 03 03 02 02 02 01 04 01 01 01 01 01 02 03 04 01 04 03 02 03 02 03
CCTLMB_016	4	04 02 03 03 04 04 04 04 03 04 01 03 04 02 03 02 04 03 02 04 04 02 04 02 04 03 03 01 04 04 04 03 04 03 04 04 02 03
FWR_01	5	01 02 01 01 02 02 04 03 01 04 01 01 04 02 01 02 03 01 02 02 02 02 -9 02 01 01 03 01 02 03 04 03 04 03 04 03 03 03
FWR_01	5	04 04 01 01 04 02 04 03 03 04 01 03 04 02 03 04 04 01 02 02 04 02 -9 02 04 01 03 01 04 03 04 03 04 03 04 04 03 03
FWR_02	5	01 02 01 01 02 02 04 03 03 04 01 01 02 02 03 02 04 01 02 02 02 02 04 01 01 01 01 01 02 03 04 03 03 03 04 03 03 03
FWR_02	5	01 02 01 01 04 02 04 03 03 04 01 01 02 02 03 04 04 01 02 02 02 02 04 02 01 03 03 03 02 03 04 03 03 03 04 03 03 03
FWR_03	5	04 02 01 01 02 02 04 03 03 04 01 03 02 02 03 02 03 01 02 02 02 02 04 01 04 03 01 01 02 03 04 01 04 03 04 03 02 03
FWR_03	5	04 02 03 01 02 02 04 04 03 04 01 03 04 02 03 02 03 01 02 02 04 02 04 02 04 03 03 01 04 03 04 03 04 03 04 03 02 03
FWR_04	5	01 02 01 01 02 02 04 03 03 04 01 03 02 02 03 02 04 01 02 02 02 02 04 02 01 01 01 01 02 03 04 03 04 01 02 03 03 03
FWR_04	5	01 02 01 01 02 04 04 04 03 04 01 03 02 02 03 02 04 01 02 02 02 02 04 02 01 03 01 01 02 03 04 03 04 03 04 03 03 03
FWR_05	5	01 02 01 01 02 02 04 04 03 04 01 01 04 02 01 02 04 01 02 02 02 01 04 01 01 01 01 01 02 03 04 03 03 03 04 03 03 03
FWR_05	5	01 02 01 01 02 04 04 04 03 04 04 01 04 02 03 04 04 01 04 02 04 02 04 02 01 03 03 03 04 03 04 03 04 03 04 03 03 03
FWR_51	5	01 02 01 01 02 02 04 03 03 04 01 01 04 02 01 02 04 01 02 02 02 02 04 01 01 01 03 01 02 03 04 03 04 03 02 03 03 03
FWR_51	5	01 02 01 03 02 02 04 04 03 04 01 01 04 02 03 04 04 01 02 02 02 02 04 02 01 01 03 01 04 03 04 03 04 03 04 03 03 03
FWR_52	5	01 02 01 01 02 02 04 03 03 01 01 01 02 02 01 02 04 01 02 02 02 02 04 02 01 01 01 01 02 03 04 03 03 03 04 03 03 03
FWR_52	5	01 04 01 01 02 02 04 03 03 04 01 01 04 02 03 02 04 01 04 02 04 02 04 02 01 01 03 03 02 03 04 03 04 03 04 04 03 03
FWR_53	5	01 02 01 01 02 02 04 03 03 04 01 01 02 02 01 02 04 01 02 02 02 02 -9 01 01 01 01 01 04 03 04 03 04 03 04 03 02 03
FWR_53	5	01 02 01 03 02 04 04 04 03 04 01 03 04 04 03 02 04 01 02 02 04 02 -9 02 01 01 03 01 04 03 04 03 04 03 04 03 03 03
FWR_54	5	01 02 01 01 02 02 04 03 03 04 04 03 04 02 03 02 04 01 02 02 04 02 04 02 01 03 01 01 02 03 04 03 04 03 04 03 02 03
FWR_54	5	01 04 01 03 02 04 04 03 03 04 04 03 04 02 03 04 04 03 02 02 04 02 04 02 01 03 03 01 04 03 04 03 04 03 04 03 03 03
FWR_55	5	01 02 01 01 02 02 04 03 01 04 04 01 02 02 01 02 03 03 02 02 02 02 04 01 01 01 01 01 02 03 04 03 04 03 04 04 02 03
FWR_55	5	04 02 03 01 04 02 04 04 01 04 04 03 04 02 01 04 04 03 02 02 04 02 04 02 04 03 03 01 02 03 04 03 04 03 04 04 03 03
FWR_56	5	01 02 01 01 02 02 04 03 03 04 01 01 04 02 01 02 04 01 02 02 04 01 -9 02 01 01 01 01 02 03 02 03 04 03 02 03 02 03
FWR_56	5	01 02 01 01 02 04 04 04 03 04 01 03 04 02 03 02 04 03 04 04 04 02 -9 02 01 03 01 01 04 03 04 03 04 03 04 03 03 03
FWR_57	5	01 02 01 01 02 02 04 03 03 04 01 01 04 02 01 02 04 01 02 02 02 02 04 01 01 01 01 01 04 03 04 03 04 03 04 03 02 03
FWR_57	5	01 02 03 01 02 02 04 04 03 04 01 03 04 02 01 02 04 03 02 02 04 02 04 01 01 03 03 03 04 03 04 03 04 03 04 03 03 03
FWR_58	5	01 04 01 01 02 02 04 03 03 04 01 03 04 02 01 02 04 01 02 02 02 01 04 02 01 03 01 01 04 03 04 03 04 03 02 04 02 03
FWR_58	5	01 04 01 01 04 02 04 03 03 04 01 03 04 02 03 02 04 01 04 02 04 02 04 02 01 03 03 01 04 03 04 03 04 03 04 04 03 03
FWR_59	5	01 02 01 01 02 02 04 04 03 04 01 01 04 02 03 04 04 01 02 02 02 02 04 02 01 01 01 01 04 03 04 03 04 03 02 03 02 03
FWR_59	5	01 04 03 03 02 02 04 04 03 04 04 03 04 02 03 04 04 01 02 02 04 02 04 02 01 03 03 01 04 03 04 03 04 03 04 03 03 03
FWR_60	5	01 04 01 01 02 02 04 04 03 04 01 01 02 02 01 02 04 01 02 02 04 02 -9 02 01 01 01 01 04 03 02 03 04 03 02 03 02 03
FWR_60	5	01 04 01 01 04 04 04 04 03 04 01 03 04 02 03 02 04 03 04 02 04 02 -9 02 01 01 03 01 04 03 04 03 04 03 04 03 02 03
FWR_61	5	01 02 01 01 02 02 04 04 03 04 04 01 04 02 03 02 03 01 02 02 04 02 04 02 01 01 01 03 02 03 04 01 03 01 02 03 03 03
FWR_61	5	04 02 01 03 04 04 04 04 03 04 04 03 04 02 03 04 04 01 04 02 04 02 04 02 04 03 03 03 02 03 04 01 04 03 04 03 03 03
GW_092	6	01 02 01 01 02 02 03 03 01 04 04 01 02 02 01 02 03 01 02 02 04 02 -9 01 01 01 01 01 02 03 04 01 03 01 02 03 02 01
GW_092	6	04 02 01 03 04 02 04 04 03 04 04 01 02 04 03 02 04 01 04 02 04 02 -9 01 04 03 03 03 04 04 04 03 03 03 04 04 03 03
GW_093	6	01 02 01 01 02 02 04 03 01 01 01 01 02 02 03 02 04 01 02 02 02 02 01 01 01 01 01 01 02 03 02 03 04 01 02 03 03 01
GW_093	6	01 04 01 03 02 02 04 04 03 04 01 01 04 04 03 02 04 03 02 04 04 02 04 02 01 03 03 03 04 03 04 03 04 03 04 03 03 03
GW_094	6	01 02 01 01 02 02 03 03 03 04 01 01 02 04 01 02 04 01 02 02 02 01 04 01 01 03 01 01 02 03 02 01 03 03 02 03 03 01
GW_094	6	01 04 03 01 02 04 03 03 03 04 01 01 02 04 03 02 04 01 04 02 02 02 04 01 04 03 03 01 04 04 04 03 04 03 04 03 03 01
GW_095	6	01 02 01 03 02 02 03 03 03 04 01 01 02 04 01 02 04 03 04 02 02 01 01 01 01 03 01 01 02 03 02 01 03 03 02 03 03 01
GW_095	6	01 02 01 03 02 04 03 04 03 04 01 01 04 04 03 04 04 03 04 02 04 02 01 02 01 03 03 03 04 03 04 03 04 03 02 03 03 03
GW_096	6	01 02 01 01 02 02 03 03 01 04 01 01 04 04 01 02 04 01 02 02 02 02 04 01 01 01 01 01 02 04 04 03 03 03 04 03 03 03
GW_096	6	01 02 01 01 04 04 04 04 03 04 01 01 04 04 03 04 04 01 02 04 02 02 04 02 01 03 03 03 04 04 04 03 04 03 04 03 03 03
GW_097	6	01 02 01 01 02 02 03 03 01 04 04 03 02 02 03 02 04 01 02 02 02 01 01 02 01 01 01 01 02 03 02 03 03 01 04 03 03 01
GW_097	6	01 04 01 03 02 04 04 04 03 04 04 03 04 04 03 04 04 01 02 04 02 02 04 02 01 03 03 03 02 04 04 03 04 03 04 03 03 01
GW_098	6	01 02 03 01 04 02 03 04 01 04 04 01 02 02 01 02 04 01 04 02 02 02 01 02 01 03 01 01 04 03 02 03 03 01 02 04 03 01
GW_098	6	01 04 03 01 04 04 04 04 03 04 04 01 04 04 03 02 04 03 04 04 02 02 04 02 01 03 01 03 04 04 04 03 04 03 02 04 03 01
GW_099	6	01 02 01 01 02 02 03 04 03 04 01 01 02 04 03 02 04 01 02 02 02 02 04 01 01 01 01 01 04 03 02 01 04 03 02 03 03 03
GW_099	6	01 02 01 03 04 04 04 04 03 04 01 03 04 04 03 02 04 01 02 02 02 02 04 01 01 03 03 01 04 04 04 03 04 03 04 03 03 03
GW_100	6	01 02 01 03 02 02 04 03 03 01 01 01 04 04 01 02 04 01 02 02 04 02 01 01 01 03 01 01 02 03 04 01 04 01 04 04 03 01
GW_100	6	01 02 01 03 02 02 04 04 03 01 01 01 04 04 03 04 04 01 02 02 04 02 01 01 01 03 03 01 04 04 04 03 04 03 04 04 03 03
GW_101	6	01 02 01 01 02 02 03 03 03 04 04 01 02 04 01 02 04 01 02 02 04 02 04 01 01 03 01 01 02 03 04 01 03 03 04 03 02 01
GW_101	6	01 02 01 03 04 02 04 04 03 04 04 01 04 04 03 04 04 01 04 04 04 02 04 01 01 03 03 01 04 03 04 03 03 03 04 03 03 03
GW_102	6	01 02 01 01 02 02 03 03 03 01 01 01 02 02 03 02 03 03 02 04 02 02 04 01 01 01 01 01 02 04 02 01 03 03 02 03 02 01
GW_102	6	04 02 03 03 02 02 04 04 03 04 01 01 02 04 03 04 04 03 02 04 04 02 04 01 04 03 03 01 04 04 04 01 04 03 04 04 03 01
GW_103	6	01 02 01 01 02 02 03 03 03 01 04 01 04 04 03 02 03 01 02 04 02 01 04 01 01 01 01 01 02 04 04 01 03 01 04 03 02 03
GW_103	6	04 02 03 03 02 02 04 04 03 04 04 01 04 04 03 02 04 03 02 04 04 02 04 02 04 03 03 03 04 04 04 03 03 03 04 04 03 03
GW_106	6	01 02 01 01 02 02 03 03 03 04 01 01 02 02 01 02 03 03 02 02 04 02 04 02 01 01 01 01 02 03 02 03 04 03 02 03 03 03
GW_106	6	04 02 01 03 04 02 04 04 03 04 01 03 02 04 03 04 04 03 02 04 04 02 04 02 04 03 03 03 04 04 04 03 04 03 04 03 03 03
H_001	7	01 02 01 01 02 04 03 03 03 04 01 01 02 02 03 02 04 01 02 02 02 01 04 02 01 01 03 01 02 03 04 01 03 01 02 03 03 01
H_001	7	01 02 03 03 02 04 04 04 03 04 01 03 04 04 03 04 04 03 04 02 04 01 04 02 01 03 03 01 04 04 04 03 04 01 04 03 03 03
H_002	7	04 02 01 01 02 02 03 04 03 01 04 01 04 02 01 04 03 01 -9 02 02 01 -9 01 04 01 01 01 04 03 04 03 03 01 04 03 03 03
H_002	7	04 04 03 03 02 02 04 04 03 04 04 01 04 04 01 04 03 03 -9 04 02 02 -9 01 04 03 03 03 04 03 04 03 04 01 04 04 03 03
H_003	7	04 02 01 01 02 02 04 04 03 04 04 01 04 02 01 02 03 01 02 02 02 02 04 01 04 01 01 01 02 03 04 01 04 03 04 03 02 03
H_003	7	04 02 03 01 04 02 04 04 03 04 04 03 04 04 03 04 03 03 02 04 04 02 04 02 04 03 03 03 02 03 04 03 04 03 04 03 03 03
H_004	7	01 02 01 01 02 02 04 04 01 01 01 01 02 02 01 02 03 03 02 02 02 01 04 01 01 03 03 01 02 03 04 01 03 01 02 03 03 01
H_004	7	04 04 01 03 04 04 04 04 03 04 04 03 04 04 03 02 04 03 02 04 04 01 04 02 04 03 03 01 04 03 04 03 04 03 04 04 03 03
H_005	7	01 02 01 01 04 02 03 04 01 01 01 01 04 02 01 02 04 01 02 02 02 01 04 02 01 01 03 01 02 03 02 01 04 03 02 04 02 03
H_005	7	01 04 03 03 04 04 04 04 03 04 01 01 04 04 01 04 04 01 04 04 04 01 04 02 01 01 03 01 02 03 04 01 04 03 02 04 03 03
H_006	7	01 02 01 01 02 02 04 03 03 04 04 01 04 02 01 02 03 03 02 02 02 02 04 02 01 01 03 01 04 03 02 03 04 03 02 03 02 01
H_006	7	04 04 03 01 04 04 04 04 03 04 04 01 04 04 01 04 04 03 04 04 02 02 04 02 04 03 03 03 04 03 04 03 04 03 04 03 03 03
H_007	7	01 04 01 03 02 02 03 04 03 04 01 01 04 02 03 02 04 01 02 02 02 02 04 01 01 01 03 01 02 03 02 01 04 03 02 04 02 03
H_007	7	01 04 03 03 02 04 04 04 03 04 04 03 04 02 03 02 04 01 02 02 04 02 04 02 01 01 03 01 02 04 04 01 04 03 04 04 03 03
H_008	7	01 02 01 01 02 02 04 03 01 04 01 03 04 02 03 02 03 01 02 02 04 01 01 01 01 01 03 01 04 03 02 01 03 03 04 -9 02 03
H_008	7	04 04 03 03 04 04 04 04 03 04 04 03 04 02 03 04 04 03 04 04 04 02 01 02 04 03 03 01 04 03 04 01 04 03 04 -9 03 03
H_009	7	01 02 01 01 02 02 04 04 03 04 01 03 02 02 01 02 03 01 02 02 02 01 -9 01 01 01 01 01 02 03 02 01 04 01 04 03 02 01
H_009	7	04 02 03 01 02 02 04 04 03 04 01 03 04 04 03 04 04 01 02 04 02 02 -9 01 04 03 03 01 02 04 02 01 04 03 04 03 02 03
H_010	7	01 04 01 03 02 02 03 04 01 01 01 03 02 02 03 02 03 03 04 02 02 02 04 01 01 03 03 01 02 03 04 03 03 03 02 03 03 03
H_010	7	04 04 03 03 02 04 04 04 03 04 01 03 04 02 03 02 04 03 04 02 02 02 04 02 04 03 03 01 02 04 04 03 04 03 04 03 03 03
H_011	7	01 02 01 03 02 02 04 03 01 04 01 01 02 02 01 04 03 01 02 02 04 02 04 02 01 01 03 01 02 03 02 03 04 03 04 03 03 01
H_011	7	04 02 03 03 02 02 04 03 03 04 01 01 02 04 03 04 04 01 02 04 04 02 04 02 04 03 03 03 04 03 04 03 04 03 04 04 03 03
H_012	7	04 02 01 03 04 02 03 04 01 04 01 01 04 02 01 02 03 01 02 04 02 02 04 01 04 01 01 01 02 03 02 01 03 01 04 03 02 03
H_012	7	04 04 01 03 04 04 04 04 03 04 04 03 04 02 01 02 03 01 02 04 02 02 04 01 04 03 03 03 04 03 04 03 04 01 04 04 03 03
H_013	7	04 02 01 01 02 02 04 04 01 04 04 01 02 02 03 02 03 01 02 04 04 02 04 01 01 01 01 01 02 03 04 01 04 01 02 03 02 03
H_013	7	04 04 03 03 04 02 04 04 01 04 04 03 04 02 03 04 03 01 02 04 04 02 04 02 04 01 03 03 04 03 04 03 04 03 04 03 02 03
H_014	7	01 02 01 01 02 02 04 04 03 01 01 01 02 02 01 02 03 01 02 02 02 02 04 01 01 03 01 01 02 03 04 03 04 03 04 03 03 03
H_014	7	04 02 03 03 02 04 04 04 03 04 01 03 04 04 03 02 04 01 04 02 02 02 04 02 04 03 01 03 04 04 04 03 04 03 04 03 03 03
H_015	7	01 02 01 -9 02 02 04 03 03 01 01 01 04 02 03 04 04 01 02 02 04 02 04 02 01 03 03 03 02 03 02 01 03 01 02 03 02 03
H_015	7	01 04 03 -9 04 04 04 04 03 04 01 01 04 04 03 04 04 03 04 04 04 02 04 02 01 03 03 03 04 04 04 01 03 03 02 03 03 03
H_016	7	01 02 01 -9 02 02 04 03 03 04 01 01 04 02 03 02 04 01 02 02 02 01 04 02 01 01 03 01 04 03 04 01 03 03 04 -9 02 03
H_016	7	01 04 03 -9 02 04 04 04 03 04 01 03 04 04 03 02 04 03 04 04 02 02 04 02 01 01 03 01 04 03 04 03 04 03 04 -9 03 03
JB_02	8	01 04 01 -9 02 02 04 04 01 04 04 03 04 02 03 02 04 01 02 02 04 02 04 02 01 03 03 01 02 03 04 01 04 03 02 03 03 03
JB_02	8	01 04 03 -9 02 02 04 04 03 04 04 03 04 02 03 02 04 01 02 02 04 02 04 02 01 03 03 03 02 03 04 03 04 03 04 04 03 03
JB_03	8	01 02 01 01 02 02 04 03 03 04 01 01 04 02 01 02 03 01 02 02 02 02 04 02 01 03 03 01 04 03 04 01 04 03 04 03 03 03
JB_03	8	04 02 01 03 02 02 04 04 03 04 01 03 04 02 03 02 04 03 02 02 04 02 04 02 04 03 03 01 04 03 04 03 04 03 04 03 03 03
JB_04	8	01 02 01 01 02 02 03 03 03 04 01 01 04 02 03 02 04 01 02 02 02 02 04 01 01 01 01 01 04 03 04 03 03 03 04 03 03 03
JB_04	8	01 02 01 03 02 02 03 03 03 04 01 03 04 02 03 02 04 01 02 04 04 02 04 02 01 03 01 01 04 03 04 03 04 03 04 03 03 03
JB_05	8	01 02 01 01 02 02 03 03 03 04 01 03 02 02 01 04 04 01 02 02 02 02 04 02 01 03 01 01 04 03 04 03 04 03 04 03 03 03
JB_05	8	01 02 01 01 02 02 04 04 03 04 01 03 04 02 03 04 04 01 02 02 02 02 04 02 01 03 01 01 04 03 04 03 04 03 04 03 03 03
JB_06	8	01 02 01 01 02 02 04 03 03 04 04 01 04 02 01 02 04 01 02 02 02 02 04 01 01 03 03 01 04 03 04 01 04 03 02 03 03 03
JB_06	8	01 04 01 01 02 02 04 03 03 04 04 03 04 02 03 04 04 01 02 04 02 02 04 02 01 03 03 01 04 03 04 03 04 03 04 03 03 03
JB_07	8	01 02 01 01 02 02 04 03 03 01 01 03 02 02 03 02 04 01 -9 02 02 02 04 01 01 01 01 01 02 03 04 03 04 03 04 03 03 03
JB_07	8	01 02 01 03 04 02 04 03 03 04 01 03 04 02 03 02 04 01 -9 02 02 02 04 02 01 03 03 01 04 04 04 03 04 03 04 03 03 03
JB_08	8	01 02 01 01 02 02 03 04 01 04 01 03 04 02 01 04 03 01 02 02 02 02 01 02 01 01 01 01 02 03 02 03 04 01 02 03 02 01
JB_08	8	04 04 03 03 04 04 04 04 03 04 04 03 04 02 01 04 04 03 02 04 04 02 04 02 01 03 03 03 04 03 04 03 04 03 04 04 03 03
JB_09	8	01 02 01 01 02 02 03 03 03 04 01 01 04 02 01 04 04 01 02 02 02 02 04 01 01 03 01 01 04 03 04 03 04 03 04 03 03 03
JB_09	8	01 02 03 01 02 02 04 03 03 04 01 01 04 02 03 04 04 01 02 02 02 02 04 01 01 03 01 01 04 04 04 03 04 03 04 03 03 03
JB_10	8	01 02 01 01 02 02 04 04 03 04 01 01 04 02 01 02 04 01 02 02 02 02 04 02 01 03 03 01 04 03 04 03 04 03 04 03 03 03
JB_10	8	01 02 01 01 02 02 04 04 03 04 01 03 04 02 03 02 04 01 02 02 02 02 04 02 01 03 03 01 04 03 04 03 04 03 04 03 03 03
JB_11	8	01 02 01 01 02 02 04 03 03 04 01 01 04 02 03 02 04 01 02 02 02 02 04 01 01 03 01 01 04 03 04 03 04 03 04 03 03 03
JB_11	8	01 04 01 01 02 02 04 04 03 04 01 03 04 02 03 04 04 01 02 02 02 02 04 01 01 03 03 01 04 03 04 03 04 03 04 03 03 03
JB_12	8	01 02 01 -9 02 02 03 03 03 04 01 01 04 02 01 02 04 01 02 02 02 02 04 01 01 03 01 01 02 03 04 01 04 03 04 03 03 03
JB_12	8	01 02 01 -9 02 02 04 04 03 04 01 01 04 02 03 04 04 01 02 02 02 02 04 02 01 03 03 01 04 03 04 03 04 03 04 03 03 03
JB_13	8	01 02 01 01 02 02 04 03 03 04 01 01 04 02 03 02 04 01 02 02 02 02 04 01 01 01 01 01 04 03 04 03 04 03 02 03 02 03
JB_13	8	01 04 01 01 02 02 04 04 03 04 01 03 04 02 03 04 04 01 02 02 02 02 04 02 01 03 01 01 04 03 04 03 04 03 04 04 03 03
JB_14	8	01 02 01 01 02 02 04 03 03 04 01 01 02 02 03 02 03 01 02 02 02 02 04 01 01 01 01 01 04 03 04 03 04 03 04 03 03 01
JB_14	8	04 02 01 01 04 02 04 03 03 04 01 03 04 02 03 02 04 01 02 02 02 02 04 01 04 03 01 01 04 03 04 03 04 03 04 04 03 03
JB_15	8	01 02 01 01 02 02 04 03 03 04 01 01 -9 02 01 02 04 01 02 02 -9 02 04 01 01 03 01 01 04 03 04 03 04 03 04 03 03 03
JB_15	8	01 02 01 03 02 04 04 03 03 04 01 03 -9 02 03 02 04 03 02 02 -9 02 04 02 01 03 03 01 04 03 04 03 04 03 04 03 03 03
JB_16	8	01 02 01 01 02 02 04 04 03 04 01 01 04 02 03 02 04 01 02 02 02 02 04 01 01 01 01 01 04 03 04 03 04 03 04 03 03 01
JB_16	8	01 02 01 01 02 02 04 04 03 04 01 01 04 02 03 02 04 01 02 04 02 02 04 01 01 01 01 01 04 03 04 03 04 03 04 03 03 03
LA10_001	9	01 02 01 01 02 04 04 04 01 04 04 01 04 02 03 02 04 01 02 02 02 01 04 01 01 03 01 01 02 03 04 01 03 01 04 03 02 01
LA10_001	9	01 04 01 01 04 04 04 04 01 04 04 03 04 02 03 04 04 03 02 04 02 02 04 02 01 03 03 03 04 04 04 03 04 03 04 03 03 03
LA10_002	9	01 02 01 01 02 02 04 03 01 01 04 01 04 02 01 02 04 01 02 02 04 01 04 01 01 01 01 01 02 03 02 01 04 03 04 03 03 03
LA10_002	9	01 04 01 03 04 02 04 04 03 04 04 03 04 02 01 04 04 03 04 02 04 02 04 01 01 03 03 01 04 03 04 03 04 03 04 03 03 03
LA10_003	9	01 02 01 01 02 02 03 03 03 01 04 03 04 02 01 02 04 01 02 02 02 02 01 01 01 01 01 01 04 03 02 03 04 01 02 03 02 01
LA10_003	9	01 04 01 01 02 04 04 04 03 01 04 03 04 02 03 02 04 03 02 04 04 02 04 02 01 03 03 03 04 03 04 03 04 03 04 03 03 03
LA10_004	9	01 02 01 01 02 02 04 03 03 04 01 01 04 02 01 02 04 01 02 02 02 01 04 01 01 01 01 01 04 03 02 03 04 03 04 03 03 03
LA10_004	9	01 02 01 01 02 02 04 04 03 04 01 01 04 02 03 02 04 01 02 02 04 02 04 02 01 03 03 01 04 03 02 03 04 03 04 04 03 03
LA10_005	9	01 02 01 01 02 02 04 04 03 04 04 01 04 02 01 02 03 01 02 02 02 01 01 02 01 01 03 01 02 03 02 01 03 01 02 04 02 03
LA10_005	9	04 04 03 03 04 04 04 04 03 04 04 03 04 02 03 04 04 03 02 04 04 02 04 02 04 03 03 03 02 03 04 03 04 03 04 04 03 03
LA10_006	9	01 02 01 01 02 02 04 03 03 01 04 01 04 02 03 04 03 01 02 02 02 02 04 01 01 03 01 01 02 03 02 03 04 01 04 03 03 03
LA10_006	9	04 02 03 03 04 02 04 04 03 01 04 03 04 02 03 04 04 03 02 04 04 02 04 02 04 03 03 01 04 03 04 03 04 03 04 03 03 03
LA10_007	9	01 02 01 01 02 02 04 03 03 04 01 01 04 02 03 02 04 01 02 02 02 01 01 01 01 03 03 01 02 03 02 03 04 01 04 03 03 01
LA10_007	9	01 02 01 01 04 02 04 03 03 04 01 01 04 02 03 04 04 01 02 04 04 02 04 01 01 03 03 01 04 03 04 03 04 03 04 04 03 03
LA10_008	9	01 02 01 03 02 02 03 03 03 01 01 03 04 02 03 02 04 01 02 02 04 02 04 01 01 01 01 01 04 03 02 01 04 03 02 03 03 03
LA10_008	9	01 02 03 03 02 04 04 04 03 01 01 03 04 02 03 02 04 01 02 04 04 02 04 02 01 03 03 03 04 03 04 03 04 03 04 03 03 03
LA10_014	9	01 02 01 01 02 02 03 04 03 04 01 01 04 02 03 04 04 01 02 02 02 02 04 01 01 01 01 01 04 03 04 03 03 03 04 03 03 03
LA10_014	9	01 02 01 01 02 02 04 04 03 04 01 03 04 02 03 04 04 03 02 04 04 02 04 02 01 03 03 01 04 03 04 03 04 03 04 03 03 03
LA11_025	9	01 02 01 01 02 -9 04 04 01 01 04 03 04 02 01 02 04 01 02 02 02 01 04 02 01 03 01 03 02 03 02 01 04 01 -9 03 02 03
LA11_025	9	01 04 03 03 04 -9 04 04 03 04 04 03 04 02 01 02 04 03 04 04 04 02 04 02 01 03 03 03 04 03 02 03 04 03 -9 04 03 03
LA11_026	9	01 02 01 03 02 02 04 03 03 -9 04 01 04 02 01 02 04 01 02 04 02 01 01 02 01 03 03 01 -9 03 02 01 04 03 02 03 03 03
LA11_026	9	01 04 03 03 02 04 04 04 03 -9 04 01 04 02 03 04 04 03 04 04 02 02 01 02 01 03 03 03 -9 03 02 03 04 03 02 04 03 03
LA11_027	9	01 02 01 01 02 04 04 03 03 04 01 03 04 02 03 02 04 01 02 04 02 01 04 01 01 03 03 01 04 03 02 01 04 01 04 03 02 01
LA11_027	9	01 04 03 03 04 04 04 04 03 04 04 03 04 02 03 02 04 03 02 04 04 02 04 02 01 03 03 03 04 03 02 03 04 03 04 04 02 03
LA11_028	9	01 02 01 01 -9 02 04 04 01 04 -9 01 04 02 01 02 04 01 02 02 02 02 04 01 01 03 01 01 02 03 02 03 03 03 04 03 03 03
LA11_028	9	01 02 01 01 -9 02 04 04 03 04 -9 01 04 04 01 02 04 01 04 02 02 02 04 02 01 03 03 01 04 03 04 03 04 03 04 03 03 03
LA11_029	9	01 02 01 01 02 02 04 04 01 01 01 01 04 02 01 02 03 01 02 02 02 01 01 02 01 01 01 01 02 03 02 01 04 01 02 03 02 03
LA11_029	9	04 04 03 03 04 04 04 04 03 04 04 03 04 02 01 02 04 03 04 04 04 02 04 02 04 03 03 03 04 03 04 03 04 03 04 03 03 03
LA11_036	9	01 02 01 01 02 02 04 04 03 04 04 03 04 02 01 04 03 01 02 02 02 01 04 02 01 03 01 01 04 03 02 01 04 03 02 03 02 03
LA11_036	9	04 02 03 03 04 02 04 04 03 04 04 03 04 02 03 04 04 01 04 02 04 02 04 02 04 03 03 01 04 03 04 03 04 03 04 04 03 03
LA11_039	9	01 02 01 01 02 04 04 04 01 01 04 01 04 02 01 02 03 01 02 04 02 02 04 02 01 01 01 01 02 03 02 01 03 01 02 03 02 03
LA11_039	9	04 04 03 03 04 04 04 04 03 04 04 03 04 02 03 02 04 01 04 04 04 02 04 02 04 01 03 03 02 03 04 03 04 03 04 04 03 03
LSRC07_01	10	01 02 01 01 02 02 03 03 03 04 01 01 02 04 03 04 04 01 02 02 04 01 04 01 01 03 01 01 04 03 04 03 04 01 04 03 03 03
LSRC07_01	10	01 02 01 03 02 02 03 03 03 04 01 01 04 04 03 04 04 01 02 02 04 02 04 01 01 03 01 01 04 04 04 03 04 03 04 03 03 03
LSRC07_02	10	01 02 01 01 02 02 04 03 01 04 01 01 04 02 01 02 04 01 02 02 04 02 04 02 01 01 03 01 04 03 04 03 03 03 02 03 03 03
LSRC07_02	10	01 02 01 01 02 02 04 03 03 04 01 01 04 02 03 04 04 01 02 02 04 02 04 02 01 01 03 01 04 03 04 03 04 03 04 03 03 03
LSRC07_03	10	01 02 01 01 02 02 04 03 03 04 01 01 04 02 01 02 04 01 02 02 02 02 04 02 01 03 03 01 04 03 04 03 04 03 02 03 03 03
LSRC07_03	10	01 02 01 01 02 02 04 04 03 04 04 01 04 02 03 04 04 01 04 02 04 02 04 02 01 03 03 01 04 03 04 03 04 03 04 03 03 03
LSRC07_04	10	01 02 01 01 02 02 04 03 03 04 01 01 04 02 03 02 04 01 02 02 04 02 04 01 01 03 03 01 02 03 04 03 03 03 04 03 03 03
LSRC07_04	10	01 02 01 01 02 02 04 03 03 04 01 01 04 02 03 02 04 01 02 02 04 02 04 01 01 03 03 01 04 03 04 03 04 03 04 03 03 03
LSRC07_05	10	01 02 01 03 02 02 04 04 03 04 01 01 02 02 01 02 04 01 02 02 04 02 04 01 01 01 01 01 04 03 04 03 04 03 04 03 03 03
LSRC07_05	10	01 02 01 03 02 02 04 04 03 04 01 01 04 02 01 02 04 01 02 04 04 02 04 01 01 03 01 01 04 04 04 03 04 03 04 03 03 03
LSRC07_06	10	01 02 01 01 02 02 04 03 03 04 01 01 04 02 03 04 04 01 02 02 04 02 04 01 01 03 03 01 04 03 04 01 04 03 04 03 03 03
LSRC07_06	10	01 02 01 01 02 02 04 03 03 04 01 03 04 02 03 04 04 01 04 02 04 02 04 02 01 03 03 01 04 04 04 03 04 03 04 03 03 03
LSRC07_07	10	01 02 01 01 02 02 04 03 03 04 01 03 02 02 01 02 04 01 02 02 02 02 04 01 01 01 03 01 02 03 04 01 04 03 04 03 03 03
LSRC07_07	10	01 02 01 03 02 02 04 03 03 04 04 03 04 04 03 02 04 01 02 02 04 02 04 02 01 03 03 01 04 03 04 03 04 03 04 03 03 03
LSRC07_08	10	01 02 01 01 02 02 04 03 03 04 04 01 04 02 03 02 04 01 02 02 02 02 04 01 01 03 01 01 04 03 04 03 04 03 04 03 03 01
LSRC07_08	10	01 02 01 01 02 02 04 04 03 04 04 01 04 04 03 02 04 01 02 04 04 02 04 02 01 03 03 01 04 03 04 03 04 03 04 03 03 03
LSRC07_09	10	01 02 01 01 02 02 03 03 03 04 01 01 02 02 01 02 04 01 02 02 04 02 04 02 01 01 03 01 04 03 04 03 04 03 04 03 02 03
LSRC07_09	10	01 02 01 01 02 02 04 04 03 04 04 01 04 02 03 04 04 03 02 02 04 02 04 02 01 01 03 01 04 03 04 03 04 03 04 03 03 03
LSRC07_10	10	01 02 01 -9 02 02 04 03 03 04 01 01 02 02 01 02 04 01 02 02 02 01 04 01 01 01 03 01 04 03 04 03 04 03 04 03 03 03
LSRC07_10	10	01 02 01 -9 02 02 04 04 03 04 04 03 04 02 03 04 04 01 02 02 04 02 04 02 01 01 03 01 04 03 04 03 04 03 04 03 03 03
LSRC07_11	10	01 02 01 -9 02 02 04 03 03 04 01 01 04 02 03 02 03 01 02 02 02 02 04 01 01 01 01 01 02 03 04 03 03 03 04 03 03 03
LSRC07_11	10	04 02 01 -9 04 02 04 04 03 04 04 03 04 02 03 04 04 01 02 02 04 02 04 01 04 03 03 01 04 03 04 03 04 03 04 03 03 03
LSRC07_12	10	01 02 01 01 02 02 04 03 01 -9 01 01 02 02 03 02 04 01 02 02 04 02 04 01 01 03 01 01 04 03 04 01 03 03 04 03 03 03
LSRC07_12	10	01 02 01 01 02 02 04 03 03 -9 01 01 04 02 03 04 04 01 02 02 04 02 04 01 01 03 03 01 04 04 04 03 04 03 04 04 03 03
LSRC07_13	10	01 02 01 01 02 02 03 03 03 04 04 01 04 02 03 02 04 01 02 02 02 02 04 01 01 03 01 01 02 03 04 01 03 03 04 03 03 03
LSRC07_13	10	01 02 01 01 02 04 04 03 03 04 04 01 04 02 03 02 04 03 02 02 02 02 04 02 01 03 03 01 04 03 04 03 04 03 04 04 03 03
LSRC07_14	10	01 02 01 01 02 02 03 03 03 04 01 01 04 02 01 02 04 01 02 02 04 02 04 01 01 01 01 01 04 03 04 03 04 03 04 03 03 03
LSRC07_14	10	01 02 01 01 02 02 04 04 03 04 01 01 04 02 01 02 04 01 02 02 04 02 04 01 01 03 03 01 04 03 04 03 04 03 04 03 03 03
LSRC07_15	10	01 02 01 01 02 02 04 04 01 -9 04 03 04 02 03 02 03 01 02 02 02 01 04 02 01 01 03 01 02 03 04 01 04 01 02 03 02 01
LSRC07_15	10	04 04 01 03 04 04 04 04 03 -9 04 03 04 02 03 02 04 01 04 02 04 02 04 02 04 03 03 03 04 04 04 03 04 03 04 03 03 03
LSRC07_16	10	01 02 01 01 02 02 04 03 03 04 01 01 04 02 03 02 03 01 02 02 02 02 04 01 01 03 01 01 04 03 04 03 04 03 04 03 03 03
LSRC07_16	10	04 02 01 01 02 02 04 04 03 04 01 01 04 02 03 02 04 01 02 02 02 02 04 01 04 03 01 01 04 03 04 03 04 03 04 03 03 03
MF_001	11	01 02 01 01 02 02 03 03 03 04 01 01 02 02 03 02 04 01 02 02 02 02 04 01 01 01 01 01 04 03 04 03 04 03 04 03 03 03
MF_001	11	01 02 01 01 02 02 04 04 03 04 01 03 04 02 03 04 04 01 02 02 04 02 04 02 01 03 03 01 04 03 04 03 04 03 04 03 03 03
MF_002	11	01 02 01 01 02 02 04 04 03 04 01 01 04 02 03 02 04 01 02 02 02 01 04 01 01 01 01 01 02 03 04 03 04 03 04 03 03 03
MF_002	11	01 02 01 01 02 02 04 04 03 04 01 01 04 02 03 02 04 01 02 02 04 02 04 02 01 01 03 01 04 04 04 03 04 03 04 03 03 03
MF_003	11	01 02 01 01 02 02 04 03 03 04 01 01 02 02 01 02 04 01 02 02 02 02 04 01 01 01 01 01 04 03 04 03 04 03 04 03 03 03
MF_003	11	01 02 01 01 02 02 04 03 03 04 01 01 04 02 03 02 04 03 02 02 04 02 04 02 01 03 01 01 04 03 04 03 04 03 04 03 03 03
MF_004	11	01 02 01 -9 02 02 04 03 03 04 01 01 04 02 03 02 04 01 02 02 02 02 04 02 01 01 03 01 04 03 04 01 04 03 04 03 03 03
MF_004	11	01 02 01 -9 02 02 04 04 03 04 04 03 04 02 03 02 04 01 02 02 04 02 04 02 01 01 03 01 04 03 04 03 04 03 04 03 03 03
MF_005	11	01 02 01 01 02 02 03 03 01 04 01 01 04 02 01 04 04 01 02 02 02 02 04 01 01 03 01 01 02 03 04 03 04 03 04 03 03 03
MF_005	11	01 02 01 01 02 02 04 04 03 04 01 01 04 02 01 04 04 01 02 02 02 02 04 02 01 03 01 01 02 03 04 03 04 03 04 03 03 03
MF_006	11	01 02 01 01 02 02 03 03 03 04 01 03 04 02 01 02 04 01 02 02 02 02 04 02 01 03 01 01 02 03 04 03 04 03 04 03 03 03
MF_006	11	01 02 01 01 04 02 04 03 03 04 01 03 04 02 03 02 04 01 02 02 04 02 04 02 01 03 01 01 02 03 04 03 04 03 04 03 03 03
MF_007	11	01 02 01 01 02 02 04 03 03 04 01 01 04 02 03 02 04 01 02 02 02 02 04 02 01 01 03 01 04 03 04 03 04 03 04 03 03 03
MF_007	11	01 02 01 01 02 02 04 04 03 04 04 01 04 02 03 02 04 01 02 02 04 02 04 02 01 01 03 01 04 03 04 03 04 03 04 03 03 03
MF_008	11	01 02 01 01 02 02 04 03 03 04 01 03 04 02 01 02 04 01 02 02 02 02 04 01 01 01 01 01 04 03 04 03 04 03 04 03 03 03
MF_008	11	01 02 01 01 02 02 04 04 03 04 01 03 04 02 01 04 04 01 02 02 02 02 04 01 01 03 03 01 04 03 04 03 04 03 04 03 03 03
MF_009	11	01 02 01 01 02 02 04 03 03 04 01 01 04 02 03 02 04 01 02 02 02 01 04 01 01 01 01 01 04 03 04 03 04 03 04 03 03 03
MF_009	11	01 02 01 01 02 02 04 03 03 04 01 01 04 02 03 02 04 01 02 02 04 02 04 01 01 03 03 01 04 03 04 03 04 03 04 03 03 03
MF_010	11	01 02 01 01 02 02 04 03 03 04 01 01 02 02 01 02 04 01 02 02 02 02 04 02 01 01 01 01 04 03 04 03 04 03 04 03 03 03
MF_010	11	01 04 01 01 02 02 04 04 03 04 01 01 04 02 03 02 04 01 02 02 04 02 04 02 01 03 01 01 04 03 04 03 04 03 04 03 03 03
MF_011	11	01 02 01 -9 02 02 04 03 03 04 01 01 04 02 03 02 04 01 02 02 02 02 04 01 01 03 01 01 04 03 04 03 04 03 02 03 03 03
MF_011	11	01 02 01 -9 02 02 04 03 03 04 01 01 04 02 03 02 04 01 02 02 02 02 04 02 01 03 01 03 04 03 04 03 04 03 04 03 03 03
MF_012	11	01 02 01 01 02 02 04 03 03 04 01 01 04 02 03 02 04 01 02 02 02 02 04 01 01 03 01 01 02 03 04 03 04 03 04 03 03 03
MF_012	11	01 02 01 01 02 04 04 03 03 04 01 03 04 02 03 04 04 01 02 02 04 02 04 02 01 03 01 01 04 03 04 03 04 03 04 03 03 03
MF_013	11	01 02 01 01 02 02 04 03 03 04 01 03 04 02 01 02 04 01 02 02 02 02 04 01 01 03 01 01 04 03 04 03 04 01 04 03 03 03
MF_013	11	01 02 01 01 02 02 04 04 03 04 01 03 04 02 03 02 04 01 02 02 02 02 04 02 01 03 03 01 04 03 04 03 04 03 04 03 03 03
MF_014	11	01 02 01 01 02 02 04 03 03 04 01 01 04 02 03 02 04 01 02 02 02 02 04 01 01 03 01 01 02 03 04 03 04 03 04 03 03 03
MF_014	11	01 02 01 01 02 04 04 03 03 04 01 03 04 02 03 04 04 01 02 02 04 02 04 02 01 03 01 01 04 03 04 03 04 03 04 03 03 03
MF_015	11	01 02 01 -9 02 02 04 03 03 04 01 01 04 02 03 02 04 01 02 02 02 02 04 01 01 03 01 01 04 03 04 03 04 03 02 03 03 03
MF_015	11	01 02 01 -9 02 02 04 03 03 04 01 01 04 02 03 02 04 01 02 02 02 02 04 02 01 03 01 03 04 03 04 03 04 03 04 03 03 03
MF_016	11	01 02 01 01 02 02 04 03 03 04 01 03 02 02 01 02 04 01 02 02 04 02 04 01 01 01 01 01 04 03 04 03 04 03 04 03 03 03
MF_016	11	01 04 01 01 02 02 04 04 03 04 01 03 04 02 03 02 04 01 02 04 04 02 04 02 01 03 01 01 04 03 04 03 04 03 04 03 03 03
RBRLE_1	12	04 02 03 01 02 04 04 03 01 04 04 01 04 02 01 02 03 03 04 04 04 01 01 02 04 03 01 01 02 03 04 01 04 01 02 04 02 01
RBRLE_1	12	04 04 03 03 02 04 04 04 03 04 04 03 04 02 01 02 03 03 04 04 04 02 04 02 04 03 03 03 04 03 04 03 04 01 04 04 03 03
RBRLE_2	12	01 02 03 03 02 04 04 04 01 01 04 01 04 02 01 02 03 01 02 02 04 01 04 02 01 01 01 01 02 03 02 03 04 01 02 04 03 01
RBRLE_2	12	04 02 03 03 02 04 04 04 03 01 04 03 04 02 03 02 04 03 04 04 04 01 04 02 04 03 03 01 02 03 04 03 04 01 04 04 03 03
RBRLE_3	12	04 04 03 01 04 04 04 04 01 01 04 01 04 02 01 02 03 03 04 02 02 01 01 02 04 03 03 03 02 03 04 03 03 01 02 04 02 03
RBRLE_3	12	04 04 03 03 04 04 04 04 01 01 04 03 04 02 01 02 03 03 04 02 02 01 04 02 04 03 03 03 02 04 04 03 04 03 04 04 03 03
RBRLE_4	12	01 02 03 01 04 02 04 03 03 01 04 01 04 02 01 02 04 03 04 04 04 02 01 02 01 03 03 01 02 03 02 01 04 01 02 04 03 03
RBRLE_4	12	01 04 03 01 04 02 04 04 03 01 04 03 04 02 01 04 04 03 04 04 04 02 04 02 01 03 03 01 02 03 04 03 04 03 04 04 03 03
RBRLE_5	12	04 02 03 03 04 02 04 04 01 04 04 03 02 02 01 02 03 01 02 02 02 02 01 02 04 01 01 01 02 03 02 01 04 01 02 03 02 03
RBRLE_5	12	04 04 03 03 04 04 04 04 01 04 04 03 04 04 01 02 04 03 04 04 04 02 04 02 04 03 03 03 02 03 04 01 04 03 04 04 03 03
RBRLE_6	12	04 02 03 01 04 02 03 03 03 01 04 03 04 02 01 02 03 01 02 04 04 02 01 02 04 03 03 01 04 03 02 01 04 01 02 04 02 01
RBRLE_6	12	04 04 03 03 04 04 04 04 03 04 04 03 04 02 01 02 03 03 04 04 04 02 01 02 04 03 03 03 04 04 04 01 04 03 02 04 03 03
RBRLE_7	12	01 02 01 01 04 04 04 04 01 01 04 01 04 02 01 02 03 01 04 04 02 01 01 02 01 03 03 03 02 03 04 01 04 01 02 04 02 01
RBRLE_7	12	04 02 03 03 04 04 04 04 03 01 04 03 04 02 01 02 04 03 04 04 04 01 04 02 04 03 03 03 02 04 04 03 04 03 02 04 02 03
RBRLE_8	12	04 02 01 03 02 04 04 04 01 01 04 03 04 02 01 02 03 03 02 02 02 01 01 02 04 03 03 03 02 03 02 03 04 03 04 04 03 03
RBRLE_8	12	04 02 01 03 04 04 04 04 03 01 04 03 04 02 01 04 03 03 04 02 02 01 04 02 04 03 03 03 04 04 04 03 04 03 04 04 03 03
RBRLE_9	12	01 02 01 03 02 04 04 03 01 01 04 03 04 02 01 02 03 01 02 04 04 01 01 02 01 01 03 03 02 03 04 03 04 01 02 04 02 03
RBRLE_9	12	04 02 03 03 04 04 04 04 01 01 04 03 04 02 01 02 04 03 04 04 04 01 01 02 04 03 03 03 02 03 04 03 04 03 02 04 03 03
RBRLE_10	12	01 02 03 01 02 02 04 04 01 04 01 03 02 02 01 02 03 01 02 04 04 01 04 02 04 01 01 03 02 03 02 01 04 01 02 04 03 03
RBRLE_10	12	04 02 03 03 04 04 04 04 01 04 04 03 04 02 03 02 03 01 04 04 04 01 04 02 04 03 03 03 02 03 02 03 04 03 02 04 03 03
RBRLE_11	12	04 02 03 01 04 02 04 04 01 04 04 01 02 02 01 02 03 03 02 02 04 01 01 02 04 01 03 03 02 03 02 01 04 03 02 04 02 03
RBRLE_11	12	04 04 03 01 04 04 04 04 03 04 04 03 04 04 01 02 03 03 04 04 04 02 04 02 04 01 03 03 02 03 04 03 04 03 02 04 02 03
RBRLE_12	12	01 02 03 01 04 02 04 04 01 01 01 01 04 02 01 02 03 01 02 02 04 01 01 01 01 01 01 01 02 03 02 01 04 01 02 03 02 03
RBRLE_12	12	04 04 03 01 04 04 04 04 01 01 04 03 04 02 01 02 04 03 04 02 04 01 01 01 04 01 03 03 02 03 02 01 04 03 02 04 03 03
RBRLE_13	12	04 02 03 03 04 02 04 03 01 01 01 01 04 02 01 02 03 03 02 02 02 01 01 02 04 01 01 01 02 03 04 01 03 01 02 03 02 03
RBRLE_13	12	04 04 03 03 04 02 04 04 01 04 01 01 04 02 01 02 03 03 04 04 04 02 04 02 04 01 03 03 02 03 04 03 04 03 02 04 02 03
RBRLE_14	12	01 02 01 01 04 02 03 03 03 04 04 01 04 02 01 02 03 01 02 02 04 01 01 02 01 01 03 01 02 03 02 01 04 01 02 03 02 03
RBRLE_14	12	04 04 03 03 04 02 04 04 03 04 04 03 04 02 03 02 04 03 04 04 04 02 01 02 04 01 03 03 02 03 04 03 04 03 02 04 03 03
RBRLE_15	12	04 02 01 03 02 02 04 04 01 04 04 01 04 02 01 02 03 01 02 02 02 01 04 02 04 01 01 01 02 03 02 03 04 01 02 03 02 03
RBRLE_15	12	04 02 03 03 04 04 04 04 03 04 04 03 04 04 01 02 03 03 04 04 04 02 04 02 04 01 03 03 02 03 04 03 04 03 02 04 03 03
RBRLE_16	12	01 02 03 03 02 02 04 03 01 04 04 03 04 02 01 02 03 03 02 02 02 01 01 02 01 03 03 01 02 03 04 01 04 01 02 03 02 01
RBRLE_16	12	04 02 03 03 02 04 04 03 03 04 04 03 04 02 03 04 04 03 04 02 04 02 01 02 04 03 03 03 02 03 04 01 04 03 02 04 03 03
SIPLMB_39	13	01 02 01 01 02 02 04 03 03 04 01 01 02 02 -9 02 04 01 02 02 02 01 04 01 01 01 03 01 04 03 04 03 04 01 04 03 02 01
SIPLMB_39	13	01 04 01 03 02 02 04 03 03 04 01 03 04 04 -9 02 04 01 02 02 04 02 04 02 01 03 03 03 04 03 04 03 04 03 04 03 03 03
SIPLMB_41	13	01 02 01 01 02 02 04 04 03 04 01 01 04 02 01 02 04 01 02 02 02 02 04 01 01 01 01 01 04 03 04 03 04 03 04 03 03 03
SIPLMB_41	13	01 02 03 01 02 02 04 04 03 04 01 01 04 02 03 02 04 01 02 02 02 02 04 01 01 03 03 01 04 03 04 03 04 03 04 03 03 03
SIPLMB_42	13	01 02 01 01 02 02 03 04 03 04 04 03 02 02 03 02 04 01 02 02 02 02 04 01 01 01 01 01 04 03 04 03 04 03 04 03 03 03
SIPLMB_42	13	01 02 01 01 02 02 04 04 03 04 04 03 04 02 03 04 04 01 02 02 04 02 04 01 01 03 01 01 04 03 04 03 04 03 04 03 03 03
W_001	14	01 02 01 -9 02 02 03 03 03 04 01 01 04 02 01 02 04 03 02 02 02 02 04 01 01 03 03 01 04 03 04 01 04 03 04 03 03 03
W_001	14	01 04 01 -9 02 02 03 04 03 04 01 01 04 02 01 04 04 03 02 02 04 02 04 02 01 03 03 03 04 04 04 03 04 03 04 03 03 03
W_002	14	01 02 01 01 02 02 04 03 03 04 01 01 04 02 01 02 03 01 02 02 02 01 04 01 01 03 01 01 04 03 04 03 04 01 02 -9 03 03
W_002	14	04 02 01 01 02 02 04 04 03 04 01 03 04 02 03 02 04 01 04 02 04 02 04 02 04 03 03 01 04 03 04 03 04 03 04 -9 03 03
W_003	14	01 02 01 01 02 02 04 04 03 04 04 01 02 02 03 02 03 01 02 02 02 02 04 02 01 03 01 01 04 03 04 03 04 03 02 03 02 01
W_003	14	04 04 01 01 02 02 04 04 03 04 04 01 04 02 03 04 04 01 04 04 02 02 04 02 04 03 03 01 04 03 04 03 04 03 04 03 03 03
W_004	14	01 02 01 01 02 04 04 04 03 04 01 01 02 02 03 04 04 01 02 02 02 02 04 01 01 03 01 01 02 03 04 03 04 03 04 03 03 03
W_004	14	01 04 01 01 02 04 04 04 03 04 01 01 02 04 03 04 04 01 02 02 04 02 04 02 01 03 01 03 04 04 04 03 04 03 04 03 03 03
W_005	14	01 02 01 01 02 02 04 03 03 04 01 01 02 02 03 02 04 01 02 02 02 02 -9 02 01 01 01 01 04 03 04 03 04 03 02 03 03 03
W_005	14	01 02 01 01 04 02 04 03 03 04 04 01 04 04 03 04 04 01 02 02 04 02 -9 02 01 03 03 01 04 04 04 03 04 03 04 04 03 03
W_006	14	01 02 01 01 04 02 03 03 01 04 01 01 04 02 01 02 04 01 02 02 02 02 04 02 01 03 01 01 02 03 04 03 04 03 02 03 02 01
W_006	14	01 02 03 01 04 02 03 04 03 04 01 01 04 02 03 02 04 03 02 02 04 02 04 02 01 03 03 01 04 04 04 03 04 03 04 03 02 03
W_007	14	01 02 01 01 02 02 03 03 01 04 01 01 04 02 03 02 04 01 02 02 02 01 04 01 01 01 01 01 02 03 02 01 04 03 02 03 03 01
W_007	14	01 02 01 03 04 04 04 03 03 04 01 03 04 02 03 02 04 01 02 02 04 02 04 02 01 03 03 01 02 04 04 03 04 03 04 03 03 03
W_008	14	01 02 01 01 02 02 03 04 03 04 01 01 02 04 03 02 04 01 02 02 02 02 04 01 01 01 01 01 02 03 04 01 04 03 02 03 02 01
W_008	14	01 04 03 03 04 04 04 04 03 04 01 03 04 04 03 04 04 01 02 02 04 02 04 02 01 03 03 01 04 04 04 03 04 03 04 03 03 03
W_009	14	01 02 01 01 02 02 04 03 03 04 04 01 04 02 03 02 03 01 02 02 02 02 04 01 01 01 03 01 04 03 04 03 03 03 02 03 02 01
W_009	14	04 02 01 01 02 04 04 04 03 04 04 01 04 04 03 02 04 01 02 02 02 02 04 02 04 03 03 01 04 03 04 03 04 03 04 03 03 03
W_010	14	01 02 01 01 02 02 04 03 03 01 01 01 02 02 01 02 04 01 02 02 02 02 04 01 01 03 03 01 02 03 04 03 04 03 04 03 03 03
W_010	14	01 02 01 01 04 04 04 03 03 01 01 03 02 02 03 04 04 03 04 02 04 02 04 02 01 03 03 01 02 03 04 03 04 03 04 03 03 03
W_011	14	01 02 01 03 02 02 03 03 03 04 01 03 04 02 03 02 04 01 02 02 02 01 04 01 01 01 01 01 04 03 04 01 04 01 04 03 02 01
W_011	14	01 02 03 03 04 04 04 04 03 04 01 03 04 02 03 04 04 03 04 04 02 02 04 01 01 01 03 01 04 04 04 03 04 03 04 03 02 01
W_012	14	01 02 01 01 02 02 04 04 03 04 01 01 04 02 03 04 03 01 02 02 02 02 04 01 01 01 01 01 04 03 02 03 04 03 02 03 02 01
W_012	14	04 02 01 01 02 04 04 04 03 04 01 03 04 02 03 04 04 01 02 02 02 02 04 02 04 03 01 01 04 03 04 03 04 03 04 03 03 03
W_013	14	01 02 01 -9 02 02 04 03 03 04 01 01 04 02 01 02 04 01 02 02 02 02 04 02 01 03 01 01 02 03 04 03 04 03 02 03 03 01
W_013	14	01 02 01 -9 02 02 04 04 03 04 01 01 04 04 03 04 04 01 02 04 04 02 04 02 01 03 03 01 02 03 04 03 04 03 04 03 03 03
W_014	14	01 02 01 01 02 02 04 03 03 04 04 01 04 02 01 02 04 01 02 02 04 01 04 01 01 01 01 01 04 03 04 03 04 03 04 03 03 03
W_014	14	01 02 01 03 02 02 04 03 03 04 04 01 04 04 03 04 04 01 04 02 04 02 04 01 01 03 01 01 04 04 04 03 04 03 04 04 03 03
W_015	14	01 02 01 01 02 02 04 03 03 04 04 03 04 02 03 02 03 01 -9 02 02 01 04 01 01 03 03 01 02 03 04 03 03 03 02 03 03 03
W_015	14	04 04 01 03 04 02 04 04 03 04 04 03 04 02 03 04 04 03 -9 04 04 01 04 02 04 03 03 01 04 03 04 03 04 03 04 03 03 03
W_016	14	01 02 01 01 02 02 04 03 01 04 01 01 02 04 01 02 04 01 02 02 02 02 04 01 01 01 03 01 02 03 04 03 04 03 02 03 03 03
W_016	14	01 02 01 01 04 02 04 03 03 04 04 03 04 04 03 04 04 01 04 02 04 02 04 02 01 03 03 03 04 03 04 03 04 03 04 03 03 03
WH_51	15	01 02 01 -9 02 02 03 03 03 04 01 01 02 04 03 02 04 01 02 02 02 02 04 01 01 01 01 01 04 04 04 01 03 03 04 03 03 01
WH_51	15	01 02 01 -9 02 02 04 03 03 04 01 01 02 04 03 04 04 01 02 02 04 02 04 01 01 03 03 01 04 04 04 03 03 03 04 03 03 03
WH_53	15	01 02 01 01 02 02 03 03 03 04 01 01 02 04 03 04 04 01 02 02 02 02 04 01 01 03 01 01 02 04 04 03 03 01 02 03 03 01
WH_53	15	01 02 01 01 04 02 03 03 03 04 01 01 02 04 03 04 04 01 02 02 02 02 04 01 01 03 01 03 04 04 04 03 03 03 04 03 03 01
WH_54	15	01 02 01 01 02 02 03 03 03 04 01 01 02 04 03 02 04 01 02 02 02 02 04 01 01 03 01 01 04 03 04 03 03 03 04 03 03 01
WH_54	15	01 02 01 03 02 02 03 04 03 04 01 01 04 04 03 04 04 03 02 02 04 02 04 01 01 03 01 01 04 04 04 03 04 03 04 03 03 03
WH_55	15	01 02 01 01 02 02 03 03 03 04 01 01 02 04 03 02 04 01 02 02 02 02 04 01 01 03 01 01 02 03 -9 01 03 01 -9 03 03 01
WH_55	15	01 02 01 01 02 02 03 03 03 04 01 01 02 04 03 04 04 01 02 02 02 02 04 01 01 03 01 01 04 04 -9 03 04 03 -9 03 03 01
WH_56	15	01 02 01 01 02 02 03 03 03 04 01 01 02 04 03 02 04 01 02 02 02 02 04 01 01 03 01 01 04 03 04 03 03 03 04 03 03 01
WH_56	15	01 02 01 01 02 02 03 03 03 04 01 01 04 04 03 04 04 01 02 02 02 02 04 01 01 03 01 01 04 04 04 03 04 03 04 03 03 03
WH_57	15	01 02 01 01 02 02 03 03 03 04 01 01 02 02 03 04 04 01 02 02 02 02 04 01 01 03 01 01 04 04 -9 03 03 03 -9 03 03 03
WH_57	15	01 02 01 01 02 02 03 03 03 04 01 01 02 02 03 04 04 01 02 02 04 02 04 01 01 03 03 01 04 04 -9 03 04 03 -9 03 03 03
WH_59	15	01 02 01 01 02 02 04 03 03 04 04 01 02 04 03 04 04 01 02 02 02 02 04 01 01 03 01 01 04 03 04 03 03 03 04 03 03 03
WH_59	15	01 02 01 01 02 02 04 03 03 04 04 01 02 04 03 04 04 01 02 02 02 02 04 01 01 03 01 01 04 04 04 03 04 03 04 03 03 03
WH_60	15	01 02 01 01 02 02 03 03 03 04 01 01 02 04 03 02 04 01 02 02 02 02 04 01 01 03 01 01 04 03 04 03 03 03 04 03 03 03
WH_60	15	01 02 01 01 02 02 03 03 03 04 01 01 02 04 03 02 04 01 02 02 02 02 04 01 01 03 03 01 04 03 04 03 03 03 04 03 03 03
WH_61	15	01 02 01 01 02 02 03 03 01 01 01 01 04 04 01 02 04 01 02 02 02 01 04 01 01 03 01 01 02 03 04 03 03 03 02 03 02 01
WH_61	15	01 02 03 03 04 02 04 04 03 01 01 03 04 04 03 02 04 01 02 04 02 02 04 02 01 03 03 01 04 04 04 03 04 03 04 04 03 03
WH_62	15	01 02 01 01 02 02 03 03 03 04 01 01 02 04 01 02 04 01 02 02 02 02 04 01 01 03 01 01 04 03 02 03 03 03 04 03 03 03
WH_62	15	01 02 01 01 02 04 03 03 03 04 01 01 02 04 03 04 04 03 02 02 04 02 04 01 01 03 01 01 04 03 04 03 03 03 04 03 03 03
WH_63	15	01 02 01 03 02 02 03 03 01 04 01 01 02 02 01 04 03 01 02 02 02 02 04 01 01 03 01 01 02 04 02 03 03 03 04 03 03 01
WH_63	15	04 02 03 03 02 04 04 04 03 04 01 01 02 04 03 04 04 01 02 02 04 02 04 02 04 03 03 01 04 04 04 03 03 03 04 04 03 03
WH_64	15	01 04 01 03 02 02 03 03 03 04 01 01 -9 04 03 02 03 01 02 02 02 02 04 01 01 01 01 01 02 03 02 01 03 03 04 03 03 01
WH_64	15	04 04 03 03 02 04 04 04 03 04 04 01 -9 04 03 04 04 01 02 04 02 02 04 01 04 03 01 03 04 04 04 03 04 03 04 03 03 03
WH_65	15	01 02 01 01 02 02 03 03 01 01 04 01 02 04 01 04 03 01 02 02 02 02 04 01 01 01 01 01 02 03 04 03 03 01 04 04 03 01
WH_65	15	04 02 03 01 04 02 03 03 03 04 04 03 04 04 03 04 04 01 02 04 04 02 04 01 04 03 01 01 04 04 04 03 03 03 04 04 03 03
WH_67	15	01 02 01 01 02 02 03 03 03 04 01 01 02 02 01 02 04 01 02 02 02 02 04 01 01 03 01 01 04 03 04 01 04 03 04 03 02 01
WH_67	15	01 02 01 03 04 02 04 03 03 04 04 01 02 02 03 04 04 01 04 02 02 02 04 01 01 03 03 03 04 04 04 03 04 03 04 04 03 01
