	FLContig17385 FLContig20911 FLContig25677 FLContig6106 FLContig8751 NBContig15421 NBContig19092 NBContig26936 NBContig2930 NBContig2993 NBContig31857 NBContig32455 NBContig33087 NBContig35112 NBContig5903 NFContig33105 X2FLContig12388 X2FLContig1240 X2FLContig13020 X2FLContig19961 X2FLContig2242 X2FLContig22803 X2FLContig28601 X2FLContig2880 X2FLContig31979 X2FLContig3379 X2FLContig4936 X2FLContig6920 X2FLContig9870 X2NBContig8717 FLContig11272 FLContig15950 FLContig16665 FLContig17151 FLContig1826 FLContig20908 FLContig21621 FLContig21676 FLContig21917 FLContig2635 FLContig3296 FLContig3616 FLContig4773 FLContig6127
FL_01	1	01 03 02 04 03 04 03 03 04 04 02 02 01 01 04 02 04 04 03 04 04 04 01 01 04 03 02 02 03 04 04 04 01 01 04 01 03 03 02 01 04 01 02 02
FL_01	1	01 03 02 04 03 04 03 03 04 04 02 02 01 01 04 02 04 04 03 04 04 04 01 01 04 03 02 02 03 04 04 04 01 01 04 01 03 03 02 01 04 01 02 02
FL_02	1	01 03 02 04 03 04 03 03 04 04 02 02 01 01 04 02 04 04 03 04 04 04 01 01 04 03 02 02 03 04 04 04 01 01 04 01 03 03 02 01 04 01 02 02
FL_02	1	01 03 02 04 03 04 03 03 04 04 02 02 01 01 04 02 04 04 03 04 04 04 01 01 04 03 02 02 03 04 04 04 01 01 04 01 03 03 02 01 04 01 02 02
FL_03	1	01 03 02 04 03 04 03 03 04 04 02 02 01 01 04 02 04 04 03 04 04 04 01 01 04 03 02 02 03 04 04 04 01 01 04 01 03 03 02 01 04 01 02 02
FL_03	1	01 03 02 04 03 04 03 03 04 04 02 02 01 01 04 02 04 04 03 04 04 04 01 01 04 03 02 02 03 04 04 04 01 01 04 01 03 03 02 01 04 01 02 02
FL_04	1	01 03 02 04 03 04 03 03 04 04 02 02 01 01 04 02 04 04 03 04 04 04 01 01 04 03 02 02 03 04 04 04 01 01 04 01 03 03 02 01 04 01 02 02
FL_04	1	01 03 02 04 03 04 03 03 04 04 02 02 01 01 04 02 04 04 03 04 04 04 01 01 04 03 02 02 03 04 04 04 01 01 04 01 03 03 02 01 04 01 02 02
FL_05	1	01 03 02 04 03 04 03 03 04 04 02 02 01 01 04 02 04 04 03 04 04 04 01 01 04 03 02 02 03 04 04 04 01 01 04 01 03 03 02 01 04 01 02 02
FL_05	1	01 03 02 04 03 04 03 03 04 04 02 02 01 01 04 02 04 04 03 04 04 04 01 01 04 03 02 02 03 04 04 04 01 01 04 01 03 03 02 01 04 01 02 02
FL_06	1	01 03 02 04 03 04 03 03 04 04 02 02 01 01 04 02 04 04 03 04 04 04 01 01 04 03 02 02 03 04 04 04 01 01 04 01 03 03 02 01 04 01 02 02
FL_06	1	01 03 02 04 03 04 03 03 04 04 02 02 01 01 04 02 04 04 03 04 04 04 01 01 04 03 02 02 03 04 04 04 01 01 04 01 03 03 02 01 04 01 02 02
FL_07	1	01 03 02 04 03 04 03 03 04 04 02 02 01 01 04 02 04 04 03 04 04 04 01 01 04 03 02 02 03 04 04 04 01 01 04 01 03 03 02 01 04 01 02 02
FL_07	1	01 03 02 04 03 04 03 03 04 04 02 02 01 01 04 02 04 04 03 04 04 04 01 01 04 03 02 02 03 04 04 04 01 01 04 01 03 03 02 01 04 01 02 02
FL_08	1	01 03 02 04 03 04 03 03 04 04 02 02 01 01 04 02 04 04 03 04 04 04 01 01 04 03 02 02 03 04 04 04 01 01 04 01 03 03 02 01 04 01 02 02
FL_08	1	01 03 02 04 03 04 03 03 04 04 02 02 01 01 04 02 04 04 03 04 04 04 01 01 04 03 02 02 03 04 04 04 01 01 04 01 03 03 02 01 04 01 02 02
FL_09	1	01 03 02 04 03 04 03 03 04 04 02 02 01 01 04 02 04 04 03 04 04 04 01 01 04 03 02 02 03 04 04 04 01 01 04 01 03 03 02 01 04 01 02 02
FL_09	1	01 03 02 04 03 04 03 03 04 04 02 02 01 01 04 02 04 04 03 04 04 04 01 01 04 03 02 02 03 04 04 04 01 01 04 01 03 03 02 01 04 01 02 02
FL_10	1	01 03 02 04 03 04 03 03 04 04 02 02 01 01 04 02 04 04 03 04 04 04 01 01 04 03 02 02 03 04 04 04 01 01 04 01 03 03 02 01 04 01 02 02
FL_10	1	01 03 02 04 03 04 03 03 04 04 02 02 01 01 04 02 04 04 03 04 04 04 01 01 04 03 02 02 03 04 04 04 01 01 04 01 03 03 02 01 04 01 02 02
FL_11	1	01 03 02 04 03 04 03 03 04 04 02 02 01 01 04 02 04 04 03 04 04 04 01 01 04 03 02 02 03 04 04 04 01 01 04 01 03 03 02 01 04 01 02 02
FL_11	1	01 03 02 04 03 04 03 03 04 04 02 02 01 01 04 02 04 04 03 04 04 04 01 01 04 03 02 02 03 04 04 04 01 01 04 01 03 03 02 01 04 01 02 02
FL_12	1	01 03 02 04 03 04 03 03 04 04 02 02 01 01 04 02 04 04 03 04 04 04 01 01 04 03 02 02 03 04 04 04 01 01 04 01 03 03 02 01 04 01 02 02
FL_12	1	01 03 02 04 03 04 03 03 04 04 02 02 01 01 04 02 04 04 03 04 04 04 01 01 04 03 02 02 03 04 04 04 01 01 04 01 03 03 02 01 04 01 02 02
FL_13	1	01 03 02 04 03 04 03 03 04 04 02 02 01 01 04 02 04 04 03 04 04 04 01 01 04 03 02 02 03 04 04 04 01 01 04 01 03 03 02 01 04 01 02 02
FL_13	1	01 03 02 04 03 04 03 03 04 04 02 02 01 01 04 02 04 04 03 04 04 04 01 01 04 03 02 02 03 04 04 04 01 01 04 01 03 03 02 01 04 01 02 02
FL_14	1	01 03 02 04 03 04 03 03 04 04 02 02 01 01 04 02 04 04 03 04 04 04 01 01 04 03 02 02 03 04 04 04 01 01 04 01 03 03 02 01 04 01 02 02
FL_14	1	01 03 02 04 03 04 03 03 04 04 02 02 01 01 04 02 04 04 03 04 04 04 01 01 04 03 02 02 03 04 04 04 01 01 04 01 03 03 02 01 04 01 02 02
FL_15	1	01 03 02 04 03 04 03 03 04 04 02 02 01 01 04 02 04 04 03 04 04 04 01 01 04 03 02 02 03 04 04 04 01 01 04 01 03 03 02 01 04 01 02 02
FL_15	1	01 03 02 04 03 04 03 03 04 04 02 02 01 01 04 02 04 04 03 04 04 04 01 01 04 03 02 02 03 04 04 04 01 01 04 01 03 03 02 01 04 01 02 02
FL_16	1	01 03 02 04 03 04 03 03 04 04 02 02 01 01 04 02 04 04 03 04 04 04 01 01 04 03 02 02 03 04 04 04 01 01 04 01 03 03 02 01 04 01 02 02
FL_16	1	01 03 02 04 03 04 03 03 04 04 02 02 01 01 04 02 04 04 03 04 04 04 01 01 04 03 02 02 03 04 04 04 01 01 04 01 03 03 02 01 04 01 02 02
NB_01	2	03 01 04 02 01 01 04 01 01 01 04 01 03 02 01 04 01 02 01 02 02 03 03 04 01 01 04 04 01 02 02 02 02 04 01 03 01 01 04 03 03 03 04 03
NB_01	2	03 01 04 02 01 01 04 01 01 01 04 01 03 02 01 04 01 02 01 02 02 03 03 04 01 01 04 04 01 02 02 02 02 04 01 03 01 01 04 03 03 03 04 03
NB_02	2	03 01 04 02 01 01 04 01 01 01 04 01 03 02 01 04 01 02 01 02 02 03 03 04 01 01 04 04 01 02 02 02 02 04 01 03 01 01 04 03 03 03 04 03
NB_02	2	03 01 04 02 01 01 04 01 01 01 04 01 03 02 01 04 01 02 01 02 02 03 03 04 01 01 04 04 01 02 02 02 02 04 01 03 01 01 04 03 03 03 04 03
NB_03	2	03 01 04 02 01 01 04 01 01 01 04 01 03 02 01 04 01 02 01 02 02 03 03 04 01 01 04 04 01 02 02 02 02 04 01 03 01 01 04 03 03 03 04 03
NB_03	2	03 01 04 02 01 01 04 01 01 01 04 01 03 02 01 04 01 02 01 02 02 03 03 04 01 01 04 04 01 02 02 02 02 04 01 03 01 01 04 03 03 03 04 03
NB_04	2	03 01 04 02 01 01 04 01 01 01 04 01 03 02 01 04 01 02 01 02 02 03 03 04 01 01 04 04 01 02 02 02 02 04 01 03 01 01 04 03 03 03 04 03
NB_04	2	03 01 04 02 01 01 04 01 01 01 04 01 03 02 01 04 01 02 01 02 02 03 03 04 01 01 04 04 01 02 02 02 02 04 01 03 01 01 04 03 03 03 04 03
NB_05	2	03 01 04 02 01 01 04 01 01 01 04 01 03 02 01 04 01 02 01 02 02 03 03 04 01 01 04 04 01 02 02 02 02 04 01 03 01 01 04 03 03 03 04 03
NB_05	2	03 01 04 02 01 01 04 01 01 01 04 01 03 02 01 04 01 02 01 02 02 03 03 04 01 01 04 04 01 02 02 02 02 04 01 03 01 01 04 03 03 03 04 03
NB_06	2	03 01 04 02 01 01 04 01 01 01 04 01 03 02 01 04 01 02 01 02 02 03 03 04 01 01 04 04 01 02 02 02 02 04 01 03 01 01 04 03 03 03 04 03
NB_06	2	03 01 04 02 01 01 04 01 01 01 04 01 03 02 01 04 01 02 01 02 02 03 03 04 01 01 04 04 01 02 02 02 02 04 01 03 01 01 04 03 03 03 04 03
NB_07	2	03 01 04 02 01 01 04 01 01 01 04 01 03 02 01 04 01 02 01 02 02 03 03 04 01 01 04 04 01 02 02 02 02 04 01 03 01 01 04 03 03 03 04 03
NB_07	2	03 01 04 02 01 01 04 01 01 01 04 01 03 02 01 04 01 02 01 02 02 03 03 04 01 01 04 04 01 02 02 02 02 04 01 03 01 01 04 03 03 03 04 03
NB_08	2	03 01 04 02 01 01 04 01 01 01 04 01 03 02 01 04 01 02 01 02 02 03 03 04 01 01 04 04 01 02 02 02 02 04 01 03 01 01 04 03 03 03 04 03
NB_08	2	03 01 04 02 01 01 04 01 01 01 04 01 03 02 01 04 01 02 01 02 02 03 03 04 01 01 04 04 01 02 02 02 02 04 01 03 01 01 04 03 03 03 04 03
NB_09	2	03 01 04 02 01 01 04 01 01 01 04 01 03 02 01 04 01 02 01 02 02 03 03 04 01 01 04 04 01 02 02 02 02 04 01 03 01 01 04 03 03 03 04 03
NB_09	2	03 01 04 02 01 01 04 01 01 01 04 01 03 02 01 04 01 02 01 02 02 03 03 04 01 01 04 04 01 02 02 02 02 04 01 03 01 01 04 03 03 03 04 03
NB_10	2	03 01 04 02 01 01 04 01 01 01 04 01 03 02 01 04 01 02 01 02 02 03 03 04 01 01 04 04 01 02 02 02 02 04 01 03 01 01 04 03 03 03 04 03
NB_10	2	03 01 04 02 01 01 04 01 01 01 04 01 03 02 01 04 01 02 01 02 02 03 03 04 01 01 04 04 01 02 02 02 02 04 01 03 01 01 04 03 03 03 04 03
NB_11	2	03 01 04 02 01 01 04 01 01 01 04 01 03 02 01 04 01 02 01 02 02 03 03 04 01 01 04 04 01 02 02 02 02 04 01 03 01 01 04 03 03 03 04 03
NB_11	2	03 01 04 02 01 01 04 01 01 01 04 01 03 02 01 04 01 02 01 02 02 03 03 04 01 01 04 04 01 02 02 02 02 04 01 03 01 01 04 03 03 03 04 03
NB_12	2	03 01 04 02 01 01 04 01 01 01 04 01 03 02 01 04 01 02 01 02 02 03 03 04 01 01 04 04 01 02 02 02 02 04 01 03 01 01 04 03 03 03 04 03
NB_12	2	03 01 04 02 01 01 04 01 01 01 04 01 03 02 01 04 01 02 01 02 02 03 03 04 01 01 04 04 01 02 02 02 02 04 01 03 01 01 04 03 03 03 04 03
NB_13	2	03 01 04 02 01 01 04 01 01 01 04 01 03 02 01 04 01 02 01 02 02 03 03 04 01 01 04 04 01 02 02 02 02 04 01 03 01 01 04 03 03 03 04 03
NB_13	2	03 01 04 02 01 01 04 01 01 01 04 01 03 02 01 04 01 02 01 02 02 03 03 04 01 01 04 04 01 02 02 02 02 04 01 03 01 01 04 03 03 03 04 03
NB_14	2	03 01 04 02 01 01 04 01 01 01 04 01 03 02 01 04 01 02 01 02 02 03 03 04 01 01 04 04 01 02 02 02 02 04 01 03 01 01 04 03 03 03 04 03
NB_14	2	03 01 04 02 01 01 04 01 01 01 04 01 03 02 01 04 01 02 01 02 02 03 03 04 01 01 04 04 01 02 02 02 02 04 01 03 01 01 04 03 03 03 04 03
NB_15	2	03 01 04 02 01 01 04 01 01 01 04 01 03 02 01 04 01 02 01 02 02 03 03 04 01 01 04 04 01 02 02 02 02 04 01 03 01 01 04 03 03 03 04 03
NB_15	2	03 01 04 02 01 01 04 01 01 01 04 01 03 02 01 04 01 02 01 02 02 03 03 04 01 01 04 04 01 02 02 02 02 04 01 03 01 01 04 03 03 03 04 03
NB_16	2	03 01 04 02 01 01 04 01 01 01 04 01 03 02 01 04 01 02 01 02 02 03 03 04 01 01 04 04 01 02 02 02 02 04 01 03 01 01 04 03 03 03 04 03
NB_16	2	03 01 04 02 01 01 04 01 01 01 04 01 03 02 01 04 01 02 01 02 02 03 03 04 01 01 04 04 01 02 02 02 02 04 01 03 01 01 04 03 03 03 04 03
APR_01	3	01 03 02 04 03 04 03 03 04 04 02 02 01 04 04 02 04 02 03 02 04 04 01 01 04 03 02 02 03 02 04 04 01 01 01 01 03 01 02 01 04 01 02 02
APR_01	3	01 03 02 04 03 04 03 03 04 04 04 02 01 04 04 04 04 04 03 04 04 04 03 01 04 03 02 02 03 04 04 04 01 01 04 01 03 01 02 03 04 03 02 02
APR_02	3	01 03 02 02 03 04 03 03 04 04 02 02 01 04 04 02 04 02 03 04 04 04 01 01 04 03 02 02 03 02 04 04 01 01 04 01 03 03 02 01 04 01 02 02
APR_02	3	01 03 02 04 03 04 03 03 04 04 04 02 03 04 04 04 04 04 03 04 04 04 01 04 04 03 02 02 03 04 04 04 01 01 04 01 03 03 02 03 04 03 02 02
APR_03	3	01 -9 02 04 03 04 03 01 04 04 02 02 01 04 04 02 04 02 03 04 04 03 01 01 04 03 02 02 03 02 02 04 01 -9 04 01 01 03 02 01 04 01 02 02
APR_03	3	01 -9 02 04 03 04 03 03 04 04 02 02 03 04 04 02 04 04 03 04 04 04 03 01 04 03 02 02 03 02 04 04 01 -9 04 01 03 03 02 03 04 01 04 02
APR_04	3	01 03 02 04 01 04 03 03 04 04 02 02 01 02 04 02 04 04 03 04 04 03 01 01 04 03 02 02 03 04 02 04 01 -9 04 01 03 03 02 01 04 01 02 02
APR_04	3	01 03 04 04 03 04 03 03 04 04 02 02 03 04 04 02 04 04 03 04 04 04 03 01 04 03 02 02 03 04 02 04 01 -9 04 01 03 03 02 03 04 01 02 02
APR_05	3	01 03 02 02 03 04 -9 03 04 04 02 02 01 04 04 02 04 02 03 02 04 03 03 01 04 03 02 02 03 04 04 04 01 01 04 01 03 03 02 01 04 01 02 02
APR_05	3	01 03 02 04 03 04 -9 03 04 04 02 02 01 04 04 02 04 04 03 04 04 04 03 04 04 03 02 04 03 04 04 04 01 01 04 01 03 03 02 03 04 03 02 02
APR_06	3	01 03 02 02 03 04 03 03 04 01 02 02 01 04 04 04 04 04 03 04 04 03 01 01 04 03 02 02 03 02 04 02 01 01 04 01 03 03 02 03 04 01 02 02
APR_06	3	01 03 02 04 03 04 03 03 04 04 02 02 01 04 04 04 04 04 03 04 04 04 01 01 04 03 02 02 03 04 04 04 01 01 04 01 03 03 02 03 04 01 02 02
APR_07	3	01 03 02 02 03 01 03 03 04 01 02 02 03 04 04 02 04 04 03 02 04 04 01 01 04 03 02 02 03 02 04 04 01 -9 01 01 03 03 02 01 04 01 02 02
APR_07	3	01 03 04 04 03 04 03 03 04 01 02 02 03 04 04 02 04 04 03 04 04 04 03 04 04 03 02 02 03 02 04 04 01 -9 04 03 03 03 02 03 04 03 04 02
APR_08	3	01 03 02 04 03 04 -9 03 04 04 02 02 01 04 04 02 04 04 03 04 04 04 01 04 04 03 02 02 03 04 04 04 01 04 04 01 03 03 02 01 04 01 02 02
APR_08	3	01 03 04 04 03 04 -9 03 04 04 02 02 01 04 04 04 04 04 03 04 04 04 03 04 04 03 02 02 03 04 04 04 01 04 04 01 03 03 02 01 04 01 02 02
APR_09	3	01 03 02 02 03 04 03 03 04 04 02 02 01 04 04 02 04 02 03 04 04 03 01 01 04 03 02 02 03 02 04 04 01 01 04 01 03 03 02 01 04 01 02 02
APR_09	3	01 03 02 04 03 04 03 03 04 04 02 02 01 04 04 04 04 04 03 04 04 04 03 01 04 03 02 02 03 04 04 04 01 01 04 01 03 03 02 01 04 01 02 02
APR_10	3	01 03 02 02 03 01 03 03 01 04 02 02 01 04 04 02 01 04 03 02 04 04 01 01 04 03 02 02 03 02 02 04 01 01 04 01 03 03 02 01 04 01 02 02
APR_10	3	01 03 02 04 03 04 04 03 04 04 02 02 03 04 04 02 04 04 03 04 04 04 01 04 04 03 02 04 03 02 02 04 01 01 04 01 03 03 02 03 04 01 02 02
APR_11	3	01 03 02 04 01 04 03 03 04 04 02 02 01 04 01 02 04 04 03 04 04 04 03 01 04 03 02 02 03 02 04 02 01 01 04 01 03 03 02 01 03 03 02 02
APR_11	3	01 03 04 04 01 04 03 03 04 04 04 02 01 04 04 02 04 04 03 04 04 04 03 01 04 03 02 02 03 04 04 02 01 01 04 01 03 03 02 03 04 03 02 02
APR_12	3	01 03 02 04 03 04 03 03 04 04 02 02 01 04 04 02 04 02 03 04 04 03 01 01 04 03 02 02 03 02 04 02 01 04 04 01 03 03 02 01 04 01 02 02
APR_12	3	01 03 04 04 03 04 04 03 04 04 02 02 01 04 04 02 04 02 03 04 04 04 01 04 04 03 02 02 03 04 04 04 01 04 04 01 03 03 02 01 04 01 02 03
APR_13	3	01 03 02 04 01 04 03 01 04 04 02 02 03 04 01 02 04 02 03 04 04 03 01 04 04 03 02 02 03 02 04 04 01 01 04 01 03 03 02 01 04 01 02 02
APR_13	3	01 03 04 04 03 04 04 01 04 04 02 02 03 04 04 04 04 02 03 04 04 04 01 04 04 03 02 02 03 04 04 04 01 01 04 01 03 03 02 01 04 01 02 02
APR_14	3	01 03 02 04 03 04 03 03 04 04 02 02 01 04 04 02 04 02 03 04 04 04 01 01 04 03 02 02 03 02 04 04 01 01 04 01 03 03 02 03 04 01 02 02
APR_14	3	01 03 04 04 03 04 03 03 04 04 04 02 03 04 04 02 04 04 03 04 04 04 03 01 04 03 02 02 03 04 04 04 01 01 04 01 03 03 02 03 04 01 02 02
APR_15	3	01 03 02 04 03 04 04 03 04 04 02 02 01 04 04 02 04 02 03 04 04 04 01 01 04 01 02 02 03 04 04 04 01 01 04 01 03 03 02 03 04 01 02 02
APR_15	3	01 03 02 04 03 04 04 03 04 04 04 02 03 04 04 02 04 04 03 04 04 04 01 04 04 03 02 02 03 04 04 04 01 01 04 01 03 03 02 03 04 03 02 02
APR_16	3	01 03 02 04 03 01 -9 03 04 04 02 01 01 04 04 02 01 04 03 04 04 04 01 01 04 03 02 02 03 02 04 02 01 01 04 01 03 03 02 01 04 01 02 02
APR_16	3	01 03 04 04 03 04 -9 03 04 04 02 02 03 04 04 02 04 04 03 04 04 04 03 01 04 03 02 02 03 04 04 04 01 01 04 01 03 03 04 03 04 03 02 02
CCTCB_006	4	01 03 02 02 03 01 03 01 04 04 02 02 01 04 01 02 01 04 03 02 04 03 03 04 04 01 02 02 03 -9 02 02 01 04 01 01 03 01 02 01 04 01 02 02
CCTCB_006	4	01 03 04 02 03 04 04 03 04 04 04 02 03 04 01 04 04 04 03 04 04 04 03 04 04 03 02 04 03 -9 04 04 01 04 04 01 03 03 02 01 04 03 04 03
CCTCB_016	4	01 03 04 02 01 04 03 01 04 01 04 02 01 02 01 04 01 02 01 -9 04 03 03 01 04 03 02 02 03 02 04 04 01 04 01 01 03 01 04 01 04 01 02 03
CCTCB_016	4	01 03 04 02 03 04 03 03 04 04 04 02 03 02 01 04 01 04 03 -9 04 04 03 04 04 03 02 02 03 04 04 04 02 04 01 03 03 01 04 03 04 03 02 03
CCTLMB_001	4	01 03 04 02 01 01 03 01 04 01 04 02 03 04 01 02 01 02 01 02 02 04 03 01 01 03 02 02 01 02 02 04 01 01 01 03 01 01 02 01 04 03 02 02
CCTLMB_001	4	01 03 04 02 01 04 04 01 04 04 04 02 03 04 01 02 01 02 01 04 04 04 03 01 04 03 02 04 03 02 02 04 01 04 01 03 03 01 04 01 04 03 04 03
CCTLMB_002	4	01 03 02 02 03 01 03 01 04 04 02 02 03 02 01 04 01 04 01 04 02 04 03 01 01 03 02 02 03 02 02 02 01 04 01 03 03 03 02 01 04 01 02 02
CCTLMB_002	4	01 03 04 02 03 04 03 03 04 04 04 02 03 04 04 04 04 04 01 04 04 04 03 04 04 03 02 02 03 02 02 04 02 04 01 03 03 03 04 03 04 01 02 03
CCTLMB_003	4	01 03 02 02 01 04 03 01 04 01 02 02 01 02 04 02 01 04 03 04 04 04 03 01 01 03 02 02 01 02 02 04 01 01 01 01 03 01 02 01 04 01 04 02
CCTLMB_003	4	01 03 04 04 03 04 04 03 04 04 02 02 03 04 04 04 01 04 03 04 04 04 03 01 04 03 02 02 01 04 04 04 01 04 01 03 03 03 02 01 04 03 04 03
CCTLMB_004	4	01 03 02 04 01 01 03 01 01 01 04 02 01 02 01 02 04 02 01 02 02 03 03 04 04 03 02 02 03 02 02 02 01 01 04 03 01 03 -9 03 04 03 04 02
CCTLMB_004	4	01 03 04 04 03 01 04 03 04 04 04 02 03 02 04 02 04 02 03 04 04 03 03 04 04 03 02 04 03 02 04 02 01 04 04 03 03 03 -9 03 04 03 04 03
CCTLMB_006	4	01 03 02 04 03 04 03 03 04 04 04 02 01 04 01 02 01 02 03 04 02 04 01 01 04 03 02 02 03 04 02 04 01 01 01 01 03 03 02 01 04 03 02 02
CCTLMB_006	4	01 03 04 04 03 04 04 03 04 04 04 02 03 04 01 04 04 04 03 04 04 04 01 01 04 03 04 04 03 04 04 04 01 04 04 03 03 03 02 01 04 03 02 03
CCTLMB_007	4	01 03 04 02 03 01 03 03 04 01 02 02 03 02 01 02 01 02 01 02 02 03 03 04 04 01 02 02 01 02 02 04 02 04 01 01 01 01 02 01 04 03 04 03
CCTLMB_007	4	01 03 04 02 03 01 04 03 04 04 04 02 03 04 01 04 01 02 01 02 04 04 03 04 04 03 02 04 03 04 02 04 02 04 01 03 01 01 04 03 04 03 04 03
CCTLMB_008	4	01 03 02 04 01 01 04 01 04 04 04 02 03 02 01 02 04 02 03 04 04 03 03 04 04 01 02 02 01 02 02 02 01 01 01 01 03 01 04 03 04 03 02 02
CCTLMB_008	4	01 03 04 04 03 04 04 03 04 04 04 02 03 02 01 04 04 02 03 04 04 04 03 04 04 01 02 02 03 02 02 04 02 04 04 03 03 03 04 03 04 03 04 03
CCTLMB_009	4	01 03 02 02 01 01 04 03 04 01 02 02 03 02 01 02 01 02 01 02 04 03 03 04 04 01 04 02 01 02 02 02 02 01 01 03 03 01 04 03 04 03 04 03
CCTLMB_009	4	03 03 04 02 03 04 04 03 04 04 02 02 03 02 01 04 01 04 03 02 04 03 03 04 04 01 04 04 03 02 02 04 02 04 01 03 03 03 04 03 04 03 04 03
CCTLMB_010	4	01 03 02 02 01 01 04 01 04 01 02 02 01 02 01 02 04 02 01 04 02 03 03 01 04 03 02 02 01 02 02 02 01 04 01 01 01 03 02 01 04 01 02 02
CCTLMB_010	4	01 03 04 02 03 04 04 01 04 04 04 02 03 02 04 02 04 04 03 04 02 04 03 04 04 03 02 04 03 02 04 04 02 04 04 03 01 03 04 01 04 03 04 03
CCTLMB_011	4	01 03 02 02 03 04 -9 01 04 01 02 02 01 02 01 02 04 02 01 02 04 04 01 01 04 03 02 02 03 02 02 04 01 01 01 01 03 03 04 03 04 03 -9 02
CCTLMB_011	4	01 03 04 04 03 04 -9 03 04 04 04 02 03 04 04 02 04 02 03 04 04 04 03 04 04 03 02 02 03 02 02 04 02 04 04 03 03 03 04 03 04 03 -9 03
CCTLMB_012	4	01 03 02 02 01 04 04 01 01 01 04 02 01 02 04 -9 04 02 01 04 04 03 03 01 04 03 02 02 03 02 02 02 01 04 04 01 03 03 04 01 04 01 02 02
CCTLMB_012	4	01 03 04 02 03 04 04 01 04 04 04 02 03 04 04 -9 04 04 03 04 04 04 03 04 04 03 02 04 03 02 04 02 01 04 04 03 03 03 04 03 04 03 02 03
CCTLMB_013	4	01 03 04 02 03 01 03 01 04 01 04 02 03 02 01 02 01 02 01 04 04 03 03 04 04 03 02 -9 01 04 02 02 -9 04 01 03 01 01 04 01 04 01 04 03
CCTLMB_013	4	01 03 04 02 03 01 04 01 04 01 04 02 03 02 04 04 01 02 03 04 04 04 03 04 04 03 02 -9 01 04 02 04 -9 04 01 03 03 03 04 01 04 03 04 03
CCTLMB_014	4	01 03 02 02 01 01 03 03 04 04 04 02 01 04 04 02 01 02 03 04 04 03 01 04 04 03 02 02 03 02 04 04 01 01 01 01 03 01 02 01 04 01 02 02
CCTLMB_014	4	01 03 04 04 03 04 04 03 04 04 04 02 03 04 04 04 04 02 03 04 04 04 03 04 04 03 02 02 03 04 04 04 01 01 04 03 03 03 04 03 04 03 02 03
CCTLMB_015	4	01 03 02 04 03 01 04 03 01 01 02 02 03 04 01 02 01 02 03 02 04 03 03 01 01 03 02 02 01 02 04 04 01 01 01 01 03 01 02 01 04 03 02 02
CCTLMB_015	4	01 03 04 04 03 04 04 03 04 04 04 02 03 04 04 04 01 04 03 04 04 04 03 04 04 03 02 02 03 04 04 04 02 01 01 01 03 03 02 01 04 03 02 02
CCTLMB_016	4	01 03 02 02 01 01 03 01 01 01 04 02 03 02 01 04 01 02 01 02 02 04 03 01 01 03 02 02 03 02 02 02 01 04 01 01 01 01 02 01 04 03 02 02
CCTLMB_016	4	01 03 04 02 03 04 04 03 04 04 04 02 03 04 04 04 04 02 03 04 04 04 03 04 01 03 02 02 03 02 04 04 02 04 04 03 03 01 04 03 04 03 04 02
FWR_01	5	01 03 04 02 03 01 04 01 04 01 04 02 01 02 01 02 01 02 01 02 02 03 01 04 01 01 02 02 01 02 02 02 02 -9 01 01 03 01 02 03 04 03 04 03
FWR_01	5	01 03 04 04 03 04 04 03 04 01 04 02 03 02 01 04 04 04 01 04 02 03 03 04 01 03 02 04 01 02 02 04 02 -9 04 01 03 01 04 03 04 03 04 03
FWR_02	5	01 03 02 02 01 01 04 01 04 01 04 02 03 02 01 02 01 02 01 02 02 03 03 04 01 01 02 02 01 02 02 02 02 04 01 01 01 01 02 03 03 03 04 03
FWR_02	5	01 03 04 02 03 01 04 01 04 01 04 02 03 02 04 04 01 02 01 04 02 03 03 04 01 01 02 04 01 02 02 02 02 04 01 03 03 03 02 03 03 03 04 03
FWR_03	5	01 03 04 02 01 01 03 01 04 01 04 02 03 02 01 04 04 02 01 02 02 03 03 04 01 03 02 02 01 02 02 02 02 04 04 03 01 01 02 01 04 03 04 02
FWR_03	5	01 03 04 02 03 01 04 01 04 01 04 02 03 04 01 04 04 02 03 02 02 04 03 04 01 03 02 02 01 02 02 04 02 04 04 03 03 01 04 03 04 03 04 02
FWR_04	5	01 03 04 02 01 01 04 01 04 01 04 02 03 02 01 04 01 02 01 02 02 03 03 04 01 03 02 02 01 02 02 02 02 04 01 01 01 01 02 03 04 01 02 03
FWR_04	5	01 03 04 02 03 01 04 01 04 01 04 02 03 02 01 04 01 02 01 02 04 04 03 04 01 03 02 02 01 02 02 02 02 04 01 03 01 01 02 03 04 03 04 03
FWR_05	5	01 03 04 02 03 01 03 01 04 01 04 02 03 02 01 02 01 02 01 02 02 04 03 04 01 01 02 02 01 02 02 02 01 04 01 01 01 01 02 03 03 03 04 03
FWR_05	5	01 03 04 02 03 01 04 01 04 01 04 02 03 02 04 04 01 02 01 02 04 04 03 04 04 01 02 04 01 04 02 04 02 04 01 03 03 03 04 03 04 03 04 03
FWR_51	5	01 03 02 02 01 01 04 01 04 01 04 02 03 02 01 04 01 02 01 02 02 03 03 04 01 01 02 02 01 02 02 02 02 04 01 01 03 01 02 03 04 03 02 03
FWR_51	5	01 03 04 02 03 01 04 01 04 04 04 02 03 02 01 04 01 02 01 02 02 04 03 04 01 01 02 04 01 02 02 02 02 04 01 01 03 01 04 03 04 03 04 03
FWR_52	5	01 03 02 02 03 01 03 01 04 01 02 02 03 02 01 04 01 02 01 02 02 03 03 01 01 01 02 02 01 02 02 02 02 04 01 01 01 01 02 03 03 03 04 03
FWR_52	5	01 03 04 04 03 04 04 03 04 01 04 02 03 02 01 04 01 04 01 02 02 03 03 04 01 01 02 02 01 04 02 04 02 04 01 01 03 03 02 03 04 03 04 03
FWR_53	5	01 03 04 02 01 01 03 01 04 01 04 02 03 02 01 02 01 02 01 02 02 03 03 04 01 01 02 02 01 02 02 02 02 -9 01 01 01 01 04 03 04 03 04 02
FWR_53	5	01 03 04 02 03 04 04 01 04 04 04 02 03 02 01 02 01 02 01 02 04 04 03 04 01 03 04 02 01 02 02 04 02 -9 01 01 03 01 04 03 04 03 04 03
FWR_54	5	01 03 04 02 01 01 03 01 04 01 04 02 03 02 01 04 01 02 01 02 02 03 03 04 04 03 02 02 01 02 02 04 02 04 01 03 01 01 02 03 04 03 04 02
FWR_54	5	01 03 04 02 03 01 04 01 04 04 04 02 03 02 04 04 01 04 01 02 04 03 03 04 04 03 02 04 03 02 02 04 02 04 01 03 03 01 04 03 04 03 04 03
FWR_55	5	01 03 04 02 03 01 04 01 04 01 04 02 01 04 01 02 01 02 01 02 02 03 01 04 04 01 02 02 03 02 02 02 02 04 01 01 01 01 02 03 04 03 04 02
FWR_55	5	01 03 04 02 03 04 04 01 04 01 04 02 03 04 04 02 04 02 03 04 02 04 01 04 04 03 02 04 03 02 02 04 02 04 04 03 03 01 02 03 04 03 04 03
FWR_56	5	01 03 04 02 01 01 03 01 04 01 04 02 03 02 01 02 01 02 01 02 02 03 03 04 01 01 02 02 01 02 02 04 01 -9 01 01 01 01 02 03 04 03 02 02
FWR_56	5	01 03 04 02 03 01 04 01 04 01 04 02 03 02 01 04 01 02 01 02 04 04 03 04 01 03 02 02 03 04 04 04 02 -9 01 03 01 01 04 03 04 03 04 03
FWR_57	5	01 03 04 02 03 01 04 01 04 01 04 02 03 02 01 04 01 02 01 02 02 03 03 04 01 01 02 02 01 02 02 02 02 04 01 01 01 01 04 03 04 03 04 02
FWR_57	5	01 03 04 02 03 01 04 01 04 01 04 02 03 04 01 04 01 02 03 02 02 04 03 04 01 03 02 02 03 02 02 04 02 04 01 03 03 03 04 03 04 03 04 03
FWR_58	5	01 03 02 02 03 01 04 01 01 01 04 02 03 02 01 04 01 04 01 02 02 03 03 04 01 03 02 02 01 02 02 02 01 04 01 03 01 01 04 03 04 03 02 02
FWR_58	5	01 03 04 04 03 01 04 03 04 01 04 02 03 02 01 04 01 04 01 04 02 03 03 04 01 03 02 02 01 04 02 04 02 04 01 03 03 01 04 03 04 03 04 03
FWR_59	5	01 03 04 02 03 01 04 01 04 01 04 02 03 02 01 02 01 02 01 02 02 04 03 04 01 01 02 04 01 02 02 02 02 04 01 01 01 01 04 03 04 03 02 02
FWR_59	5	01 03 04 02 03 04 04 03 04 04 04 02 03 04 04 04 01 04 03 02 02 04 03 04 04 03 02 04 01 02 02 04 02 04 01 03 03 01 04 03 04 03 04 03
FWR_60	5	01 03 04 02 01 01 03 01 04 01 02 02 03 02 01 04 01 04 01 02 02 04 03 04 01 01 02 02 01 02 02 04 02 -9 01 01 01 01 04 03 04 03 02 02
FWR_60	5	01 03 04 02 03 04 04 03 04 01 04 02 03 02 01 04 01 04 01 04 04 04 03 04 01 03 02 02 03 04 02 04 02 -9 01 01 03 01 04 03 04 03 04 02
FWR_61	5	01 03 04 02 03 01 03 01 04 01 02 02 01 02 04 04 01 02 01 02 02 04 03 04 04 01 02 02 01 02 02 04 02 04 01 01 01 03 02 01 03 01 02 03
FWR_61	5	01 03 04 02 03 04 04 01 04 04 04 02 01 02 04 04 04 02 01 04 04 04 03 04 04 03 02 04 01 04 02 04 02 04 04 03 03 03 02 01 04 03 04 03
GW_092	6	01 03 02 02 01 01 04 01 01 01 02 02 01 02 01 02 01 02 01 02 02 03 01 04 04 01 02 02 01 02 02 04 02 -9 01 01 01 01 02 01 03 01 02 02
GW_092	6	03 03 04 02 01 01 04 01 04 04 04 02 03 02 01 04 04 02 01 04 02 04 03 04 04 01 04 02 01 04 02 04 02 -9 04 03 03 03 04 03 03 03 04 03
GW_093	6	01 03 04 02 01 01 04 01 04 01 04 02 01 02 01 04 01 02 01 02 02 03 01 01 01 01 02 02 01 02 02 02 02 01 01 01 01 01 02 03 04 01 02 03
GW_093	6	03 03 04 04 03 01 04 03 04 04 04 02 03 02 01 04 01 04 01 02 02 04 03 04 01 01 04 02 03 02 04 04 02 04 01 03 03 03 04 03 04 03 04 03
GW_094	6	03 03 02 02 01 01 04 01 01 01 02 02 03 02 01 04 01 02 01 02 02 03 03 04 01 01 04 02 01 02 02 02 01 04 01 03 01 01 02 01 03 03 02 03
GW_094	6	03 03 04 02 01 04 04 03 04 04 04 02 03 02 01 04 01 04 03 02 04 03 03 04 01 01 04 02 01 04 02 02 02 04 04 03 03 01 04 03 04 03 04 03
GW_095	6	01 01 04 02 01 01 03 01 04 04 02 01 03 02 01 04 01 02 01 02 02 03 03 04 01 01 04 02 03 04 02 02 01 01 01 03 01 01 02 01 03 03 02 03
GW_095	6	03 03 04 02 01 04 04 01 04 04 02 01 03 04 04 04 01 02 01 02 04 04 03 04 01 01 04 04 03 04 02 04 02 01 01 03 03 03 04 03 04 03 02 03
GW_096	6	03 01 04 02 01 01 03 01 01 01 02 01 01 02 01 04 01 02 01 02 02 03 01 04 01 01 04 02 01 02 02 02 02 04 01 01 01 01 02 03 03 03 04 03
GW_096	6	03 01 04 04 03 01 04 01 04 01 04 01 03 02 04 04 01 02 01 04 04 04 03 04 01 01 04 04 01 02 04 02 02 04 01 03 03 03 04 03 04 03 04 03
GW_097	6	03 01 02 02 01 01 04 01 01 01 04 -9 01 02 04 02 01 02 01 02 02 03 01 04 04 03 02 02 01 02 02 02 01 01 01 01 01 01 02 03 03 01 04 03
GW_097	6	03 03 04 02 03 04 04 01 01 04 04 -9 03 04 04 04 01 04 01 02 04 04 03 04 04 03 04 04 01 02 04 02 02 04 01 03 03 03 02 03 04 03 04 03
GW_098	6	03 03 02 02 01 01 03 01 01 01 02 01 03 02 01 02 01 02 03 04 02 04 01 04 04 01 02 02 01 04 02 02 02 01 01 03 01 01 04 03 03 01 02 03
GW_098	6	03 03 04 02 03 01 04 03 04 01 04 01 03 04 01 04 01 04 03 04 04 04 03 04 04 01 04 02 03 04 04 02 02 04 01 03 01 03 04 03 04 03 02 03
GW_099	6	03 01 02 02 01 01 04 01 04 01 04 01 03 02 01 04 01 02 01 02 02 04 03 04 01 01 04 02 01 02 02 02 02 04 01 01 01 01 04 01 04 03 02 03
GW_099	6	03 01 02 02 03 01 04 01 04 04 04 01 03 04 04 04 01 02 01 04 04 04 03 04 01 03 04 02 01 02 02 02 02 04 01 03 03 01 04 03 04 03 04 03
GW_100	6	01 03 02 02 01 01 04 03 01 04 04 02 01 02 01 02 01 02 01 02 02 03 03 01 01 01 04 02 01 02 02 04 02 01 01 03 01 01 02 01 04 01 04 03
GW_100	6	03 03 02 04 03 04 04 03 04 04 04 02 03 02 04 04 01 02 01 02 02 04 03 01 01 01 04 04 01 02 02 04 02 01 01 03 03 01 04 03 04 03 04 03
GW_101	6	01 01 04 02 01 01 04 01 01 01 02 02 03 02 01 02 01 02 01 02 02 03 03 04 04 01 04 02 01 02 02 04 02 04 01 03 01 01 02 01 03 03 04 02
GW_101	6	01 03 04 02 03 01 04 01 04 01 04 02 03 02 04 04 01 02 01 04 02 04 03 04 04 01 04 04 01 04 04 04 02 04 01 03 03 01 04 03 03 03 04 03
GW_102	6	01 03 02 02 01 01 04 01 04 01 04 01 03 02 01 04 01 02 01 02 02 03 03 01 01 01 02 02 03 02 04 02 02 04 01 01 01 01 02 01 03 03 02 02
GW_102	6	03 03 04 02 03 01 04 01 04 04 04 02 03 04 01 04 04 02 03 02 02 04 03 04 01 01 04 04 03 02 04 04 02 04 04 03 03 01 04 01 04 03 04 03
GW_103	6	01 01 02 02 01 01 04 01 01 01 04 01 03 02 01 02 01 02 01 02 02 03 03 01 04 01 04 02 01 02 04 02 01 04 01 01 01 01 02 01 03 01 04 02
GW_103	6	03 01 02 02 03 04 04 01 04 04 04 02 03 02 01 04 04 02 03 02 02 04 03 04 04 01 04 02 03 02 04 04 02 04 04 03 03 03 04 03 03 03 04 03
GW_106	6	03 01 02 02 01 01 04 01 01 01 02 02 03 02 01 04 01 02 01 02 02 03 03 04 01 01 02 02 03 02 02 04 02 04 01 01 01 01 02 03 04 03 02 03
GW_106	6	03 03 04 04 03 04 04 01 04 04 04 02 03 02 04 04 04 02 01 04 02 04 03 04 01 03 04 04 03 02 04 04 02 04 04 03 03 03 04 03 04 03 04 03
H_001	7	01 03 02 02 03 01 03 01 04 01 02 02 03 02 01 04 01 02 01 02 04 03 03 04 01 01 02 02 01 02 02 02 01 04 01 01 03 01 02 01 03 01 02 03
H_001	7	01 03 02 02 03 01 04 01 04 04 04 02 03 04 04 04 01 02 03 02 04 04 03 04 01 03 04 04 03 04 02 04 01 04 01 03 03 01 04 03 04 01 04 03
H_002	7	01 03 02 02 03 01 04 01 04 01 02 01 03 02 01 02 04 02 01 02 02 04 03 01 04 01 02 04 01 -9 02 02 01 -9 04 01 01 01 04 03 03 01 04 03
H_002	7	01 03 04 04 03 01 04 03 04 04 04 02 03 02 04 04 04 04 03 02 02 04 03 04 04 01 04 04 03 -9 04 02 02 -9 04 03 03 03 04 03 04 01 04 03
H_003	7	01 03 04 02 03 01 04 01 01 01 04 02 03 02 01 02 04 02 01 02 02 04 03 04 04 01 02 02 01 02 02 02 02 04 04 01 01 01 02 01 04 03 04 02
H_003	7	01 03 04 02 03 04 04 01 04 04 04 02 03 04 04 04 04 02 03 04 02 04 03 04 04 03 04 04 03 02 04 04 02 04 04 03 03 03 02 03 04 03 04 03
H_004	7	01 03 02 02 01 01 04 03 04 01 04 02 01 02 04 02 01 02 01 02 02 04 01 01 01 01 02 02 03 02 02 02 01 04 01 03 03 01 02 01 03 01 02 03
H_004	7	03 03 04 02 03 04 04 03 04 04 04 02 03 04 04 04 04 04 01 04 04 04 03 04 04 03 04 02 03 02 04 04 01 04 04 03 03 01 04 03 04 03 04 03
H_005	7	01 03 02 02 03 01 03 03 01 01 02 02 01 04 04 04 01 02 01 04 02 04 01 01 01 01 02 02 01 02 02 02 01 04 01 01 03 01 02 01 04 03 02 02
H_005	7	01 03 04 02 03 01 04 03 04 04 04 02 03 04 04 04 01 04 03 04 04 04 03 04 01 01 04 04 01 04 04 04 01 04 01 01 03 01 02 01 04 03 02 03
H_006	7	03 01 02 02 01 01 03 01 01 01 02 01 03 02 01 02 01 02 01 02 02 03 03 04 04 01 02 02 03 02 02 02 02 04 01 01 03 01 04 03 04 03 02 02
H_006	7	03 03 04 04 03 04 04 01 04 01 02 02 03 04 01 04 04 04 03 04 04 04 03 04 04 01 04 04 03 04 04 02 02 04 04 03 03 03 04 03 04 03 04 03
H_007	7	01 03 02 02 03 01 03 01 04 04 02 02 01 02 01 02 01 04 01 02 02 04 03 04 01 01 02 02 01 02 02 02 02 04 01 01 03 01 02 01 04 03 02 02
H_007	7	03 03 02 02 03 01 04 01 04 04 02 02 01 02 01 02 01 04 03 02 04 04 03 04 04 03 02 02 01 02 02 04 02 04 01 01 03 01 02 01 04 03 04 03
H_008	7	01 03 02 04 03 01 03 01 04 01 02 01 03 02 04 02 01 02 01 02 02 03 01 04 01 03 02 02 01 02 02 04 01 01 01 01 03 01 04 01 03 03 04 02
H_008	7	01 03 04 04 03 04 03 03 04 04 04 02 03 02 04 04 04 04 03 04 04 04 03 04 04 03 02 04 03 04 04 04 02 01 04 03 03 01 04 01 04 03 04 03
H_009	7	01 03 02 02 03 01 04 01 04 01 04 02 01 02 01 04 01 02 01 02 02 04 03 04 01 03 02 02 01 02 02 02 01 -9 01 01 01 01 02 01 04 01 04 02
H_009	7	03 03 04 02 03 04 04 03 04 04 04 02 03 04 01 04 04 02 03 02 02 04 03 04 01 03 04 04 01 02 04 02 02 -9 04 03 03 01 02 01 04 03 04 02
H_010	7	03 03 02 02 01 01 04 01 04 01 04 02 03 02 01 02 01 04 01 02 02 04 01 01 01 03 02 02 03 04 02 02 02 04 01 03 03 01 02 03 03 03 02 03
H_010	7	03 03 02 04 03 01 04 03 04 04 04 02 03 02 04 04 04 04 03 02 04 04 03 04 01 03 02 02 03 04 02 02 02 04 04 03 03 01 02 03 04 03 04 03
H_011	7	01 01 04 02 01 01 03 01 01 04 04 01 01 02 01 04 01 02 01 02 02 03 01 04 01 01 02 04 01 02 02 04 02 04 01 01 03 01 02 03 04 03 04 03
H_011	7	01 03 04 02 03 01 04 01 04 04 04 02 03 02 01 04 04 02 03 02 02 03 03 04 01 01 04 04 01 02 04 04 02 04 04 03 03 03 04 03 04 03 04 03
H_012	7	01 03 02 02 01 01 04 03 04 04 04 01 01 02 01 04 04 02 01 04 02 04 01 04 01 01 02 02 01 02 04 02 02 04 04 01 01 01 02 01 03 01 04 02
H_012	7	03 03 04 02 03 04 04 03 04 04 04 02 03 04 04 04 04 04 01 04 04 04 03 04 04 03 02 02 01 02 04 02 02 04 04 03 03 03 04 03 04 01 04 03
H_013	7	01 01 02 02 03 01 03 01 01 01 04 02 01 02 01 04 04 02 01 02 02 04 01 04 04 01 02 02 01 02 04 04 02 04 01 01 01 01 02 01 04 01 02 02
H_013	7	01 03 04 04 03 01 04 03 01 04 04 02 03 02 04 04 04 04 03 04 02 04 01 04 04 03 02 04 01 02 04 04 02 04 04 01 03 03 04 03 04 03 04 02
H_014	7	01 01 02 02 01 01 03 01 04 01 02 02 03 02 01 02 01 02 01 02 02 04 03 01 01 01 02 02 01 02 02 02 02 04 01 03 01 01 02 03 04 03 04 03
H_014	7	03 03 04 02 03 04 04 03 04 04 04 02 03 02 01 04 04 02 03 02 04 04 03 04 01 03 04 02 01 04 02 02 02 04 04 03 01 03 04 03 04 03 04 03
H_015	7	01 03 04 02 01 01 03 01 04 01 02 02 01 02 01 02 01 02 01 02 02 03 03 01 01 01 02 04 01 02 02 04 02 04 01 03 03 03 02 01 03 01 02 02
H_015	7	03 03 04 04 03 04 03 03 04 04 02 02 03 02 01 04 01 04 03 04 04 04 03 04 01 01 04 04 03 04 04 04 02 04 01 03 03 03 04 01 03 03 02 03
H_016	7	01 01 04 02 01 04 04 01 01 01 02 02 03 02 01 04 01 02 01 02 02 03 03 04 01 01 02 02 01 02 02 02 01 04 01 01 03 01 04 01 03 03 04 02
H_016	7	03 03 04 02 03 04 04 03 04 04 02 02 03 04 01 04 01 04 03 02 04 04 03 04 01 03 04 02 03 04 04 02 02 04 01 01 03 01 04 03 04 03 04 03
JB_02	8	01 03 02 02 01 01 04 01 04 01 04 02 01 02 01 02 01 04 01 02 02 04 01 04 04 03 02 02 01 02 02 04 02 04 01 03 03 01 02 01 04 03 02 03
JB_02	8	01 03 04 04 03 04 04 03 04 04 04 02 03 02 01 02 01 04 03 02 02 04 03 04 04 03 02 02 01 02 02 04 02 04 01 03 03 03 02 03 04 03 04 03
JB_03	8	01 03 04 02 03 01 04 01 01 01 04 02 03 02 01 02 01 02 01 02 02 03 03 04 01 01 02 02 01 02 02 02 02 04 01 03 03 01 04 01 04 03 04 03
JB_03	8	01 03 04 02 03 01 04 01 04 04 04 02 03 02 01 04 04 02 01 02 02 04 03 04 01 03 02 02 03 02 02 04 02 04 04 03 03 01 04 03 04 03 04 03
JB_04	8	01 03 02 02 01 01 04 01 01 01 04 01 03 02 01 04 01 02 01 02 02 03 03 04 01 01 02 02 01 02 02 02 02 04 01 01 01 01 04 03 03 03 04 03
JB_04	8	01 03 04 02 03 01 04 01 04 04 04 02 03 02 01 04 01 02 01 02 02 03 03 04 01 03 02 02 01 02 04 04 02 04 01 03 01 01 04 03 04 03 04 03
JB_05	8	01 03 04 02 01 01 04 01 01 01 02 01 03 02 01 02 01 02 01 02 02 03 03 04 01 03 02 04 01 02 02 02 02 04 01 03 01 01 04 03 04 03 04 03
JB_05	8	03 03 04 02 03 01 04 01 04 01 04 02 03 02 01 02 01 02 01 02 02 04 03 04 01 03 02 04 01 02 02 02 02 04 01 03 01 01 04 03 04 03 04 03
JB_06	8	01 01 04 02 01 01 04 01 01 01 04 02 03 02 01 04 01 02 01 02 02 03 03 04 04 01 02 02 01 02 02 02 02 04 01 03 03 01 04 01 04 03 02 03
JB_06	8	01 03 04 02 03 01 04 01 04 04 04 02 03 02 01 04 01 04 01 02 02 03 03 04 04 03 02 04 01 02 04 02 02 04 01 03 03 01 04 03 04 03 04 03
JB_07	8	01 03 04 02 01 01 04 01 04 01 02 02 01 02 01 02 01 02 01 02 02 03 03 01 01 03 02 02 01 -9 02 02 02 04 01 01 01 01 02 03 04 03 04 03
JB_07	8	01 03 04 02 03 04 04 01 04 01 04 02 03 02 01 02 01 02 01 04 02 03 03 04 01 03 02 02 01 -9 02 02 02 04 01 03 03 01 04 03 04 03 04 03
JB_08	8	01 03 02 02 01 01 03 01 04 01 02 02 01 02 01 02 01 02 01 02 02 04 01 04 01 03 02 04 01 02 02 02 02 01 01 01 01 01 02 03 04 01 02 02
JB_08	8	01 03 04 04 03 01 04 03 04 01 04 02 03 04 04 04 04 04 03 04 04 04 03 04 04 03 02 04 03 02 04 04 02 04 01 03 03 03 04 03 04 03 04 03
JB_09	8	01 03 02 02 01 01 04 01 01 01 04 02 03 02 01 04 01 02 01 02 02 03 03 04 01 01 02 04 01 02 02 02 02 04 01 03 01 01 04 03 04 03 04 03
JB_09	8	01 03 04 02 03 01 04 01 04 01 04 02 03 02 01 04 01 02 03 02 02 03 03 04 01 01 02 04 01 02 02 02 02 04 01 03 01 01 04 03 04 03 04 03
JB_10	8	01 03 04 02 03 01 04 01 01 01 04 02 03 02 01 02 01 02 01 02 02 04 03 04 01 01 02 02 01 02 02 02 02 04 01 03 03 01 04 03 04 03 04 03
JB_10	8	01 03 04 02 03 01 04 01 04 01 04 02 03 02 01 04 01 02 01 02 02 04 03 04 01 03 02 02 01 02 02 02 02 04 01 03 03 01 04 03 04 03 04 03
JB_11	8	01 03 04 02 01 01 04 01 01 01 04 02 03 02 01 04 01 02 01 02 02 03 03 04 01 01 02 02 01 02 02 02 02 04 01 03 01 01 04 03 04 03 04 03
JB_11	8	01 03 04 02 03 01 04 01 04 01 04 02 03 02 01 04 01 04 01 02 02 04 03 04 01 03 02 04 01 02 02 02 02 04 01 03 03 01 04 03 04 03 04 03
JB_12	8	01 03 02 02 03 01 04 01 04 01 02 02 03 02 01 04 01 02 01 02 02 03 03 04 01 01 02 02 01 02 02 02 02 04 01 03 01 01 02 01 04 03 04 03
JB_12	8	03 03 04 02 03 01 04 01 04 04 04 02 03 02 01 04 01 02 01 02 02 04 03 04 01 01 02 04 01 02 02 02 02 04 01 03 03 01 04 03 04 03 04 03
JB_13	8	01 03 02 02 01 01 04 01 04 01 04 02 03 02 01 04 01 02 01 02 02 03 03 04 01 01 02 02 01 02 02 02 02 04 01 01 01 01 04 03 04 03 02 02
JB_13	8	01 03 04 02 03 01 04 01 04 01 04 02 03 02 01 04 01 04 01 02 02 04 03 04 01 03 02 04 01 02 02 02 02 04 01 03 01 01 04 03 04 03 04 03
JB_14	8	01 03 04 04 03 01 04 01 04 01 04 02 03 02 01 04 01 02 01 02 02 03 03 04 01 01 02 02 01 02 02 02 02 04 01 01 01 01 04 03 04 03 04 03
JB_14	8	01 03 04 04 03 01 04 01 04 01 04 02 03 02 01 04 04 02 01 04 02 03 03 04 01 03 02 02 01 02 02 02 02 04 04 03 01 01 04 03 04 03 04 03
JB_15	8	01 03 04 02 01 01 04 01 01 01 04 02 03 02 01 04 01 02 01 02 02 03 03 04 01 01 02 02 01 02 02 -9 02 04 01 03 01 01 04 03 04 03 04 03
JB_15	8	01 03 04 02 03 01 04 01 01 04 04 02 03 02 01 04 01 02 01 02 04 03 03 04 01 03 02 02 03 02 02 -9 02 04 01 03 03 01 04 03 04 03 04 03
JB_16	8	01 01 04 02 03 01 03 01 01 01 04 02 03 02 01 02 01 02 01 02 02 04 03 04 01 01 02 02 01 02 02 02 02 04 01 01 01 01 04 03 04 03 04 03
JB_16	8	01 03 04 02 03 01 04 01 04 01 04 02 03 02 01 04 01 02 01 02 02 04 03 04 01 01 02 02 01 02 04 02 02 04 01 01 01 01 04 03 04 03 04 03
LA10_001	9	01 03 04 02 03 01 03 01 04 01 02 02 01 02 01 02 01 02 01 02 04 04 01 04 04 01 02 02 01 02 02 02 01 04 01 03 01 01 02 01 03 01 04 02
LA10_001	9	03 03 04 04 03 01 04 03 04 01 04 02 03 02 01 04 01 04 01 04 04 04 01 04 04 03 02 04 03 02 04 02 02 04 01 03 03 03 04 03 04 03 04 03
LA10_002	9	01 03 02 02 01 01 04 01 04 01 02 02 01 02 01 02 01 02 01 02 02 03 01 01 04 01 02 02 01 02 02 04 01 04 01 01 01 01 02 01 04 03 04 03
LA10_002	9	01 03 04 04 03 01 04 03 04 04 04 02 03 02 04 04 01 04 01 04 02 04 03 04 04 03 02 04 03 04 02 04 02 04 01 03 03 01 04 03 04 03 04 03
LA10_003	9	01 01 04 02 01 01 03 01 04 01 04 02 03 02 01 02 01 02 01 02 02 03 03 01 04 03 02 02 01 02 02 02 02 01 01 01 01 01 04 03 04 01 02 02
LA10_003	9	01 03 04 02 03 04 04 03 04 01 04 02 03 04 01 04 01 04 01 02 04 04 03 01 04 03 02 02 03 02 04 04 02 04 01 03 03 03 04 03 04 03 04 03
LA10_004	9	01 03 04 02 01 01 04 01 01 01 04 02 03 02 01 04 01 02 01 02 02 03 03 04 01 01 02 02 01 02 02 02 01 04 01 01 01 01 04 03 04 03 04 03
LA10_004	9	03 03 04 02 03 01 04 01 04 01 04 02 03 02 01 04 01 02 01 02 02 04 03 04 01 01 02 02 01 02 02 04 02 04 01 03 03 01 04 03 04 03 04 03
LA10_005	9	01 03 02 02 03 01 04 01 04 01 04 02 01 02 04 02 01 02 01 02 02 04 03 04 04 01 02 02 01 02 02 02 01 01 01 01 03 01 02 01 03 01 02 02
LA10_005	9	03 03 04 04 03 04 04 03 04 04 04 02 03 04 04 02 04 04 03 04 04 04 03 04 04 03 02 04 03 02 04 04 02 04 04 03 03 03 02 03 04 03 04 03
LA10_006	9	01 03 04 02 03 01 03 01 01 01 04 02 03 02 01 02 01 02 01 02 02 03 03 01 04 01 02 04 01 02 02 02 02 04 01 03 01 01 02 03 04 01 04 03
LA10_006	9	01 03 04 04 03 01 04 01 04 04 04 02 03 02 01 04 04 02 03 04 02 04 03 01 04 03 02 04 03 02 04 04 02 04 04 03 03 01 04 03 04 03 04 03
LA10_007	9	01 03 04 02 03 01 04 01 04 01 02 02 03 02 01 04 01 02 01 02 02 03 03 04 01 01 02 02 01 02 02 02 01 01 01 03 03 01 02 03 04 01 04 03
LA10_007	9	01 03 04 02 03 01 04 03 04 01 04 02 03 02 01 04 01 02 01 04 02 03 03 04 01 01 02 04 01 02 04 04 02 04 01 03 03 01 04 03 04 03 04 03
LA10_008	9	01 03 02 02 03 01 04 01 01 01 04 02 03 02 01 04 01 02 01 02 02 03 03 01 01 03 02 02 01 02 02 04 02 04 01 01 01 01 04 01 04 03 02 03
LA10_008	9	01 03 02 02 03 01 04 01 04 04 04 02 03 04 01 04 01 02 03 02 04 04 03 01 01 03 02 02 01 02 04 04 02 04 01 03 03 03 04 03 04 03 04 03
LA10_014	9	01 03 04 02 03 01 04 01 01 01 04 02 03 02 01 02 01 02 01 02 02 04 03 04 01 01 02 04 01 02 02 02 02 04 01 01 01 01 04 03 03 03 04 03
LA10_014	9	01 03 04 02 03 01 04 01 04 01 04 02 03 02 01 04 01 02 01 02 02 04 03 04 01 03 02 04 03 02 04 04 02 04 01 03 03 01 04 03 04 03 04 03
LA11_025	9	01 03 -9 02 03 01 03 01 04 01 02 02 03 02 01 02 01 02 01 02 -9 04 01 01 04 03 02 02 01 02 02 02 01 04 01 03 01 03 02 01 04 01 -9 02
LA11_025	9	01 03 -9 04 03 04 04 01 04 04 04 02 03 02 04 04 01 04 03 04 -9 04 03 04 04 03 02 02 03 04 04 04 02 04 01 03 03 03 04 03 04 03 -9 03
LA11_026	9	01 03 02 02 03 01 03 01 04 04 02 02 03 02 01 02 01 02 01 02 02 03 03 -9 04 01 02 02 01 02 04 02 01 01 01 03 03 01 -9 01 04 03 02 03
LA11_026	9	01 03 02 02 03 04 04 01 04 04 04 02 03 02 04 04 01 04 03 02 04 04 03 -9 04 01 02 04 03 04 04 02 02 01 01 03 03 03 -9 03 04 03 02 03
LA11_027	9	01 03 02 02 01 01 03 01 04 01 02 02 03 02 01 02 01 02 01 02 04 03 03 04 01 03 02 02 01 02 04 02 01 04 01 03 03 01 04 01 04 01 04 02
LA11_027	9	01 03 04 04 03 01 03 01 04 04 04 02 03 04 04 04 01 04 03 04 04 04 03 04 04 03 02 02 03 02 04 04 02 04 01 03 03 03 04 03 04 03 04 02
LA11_028	9	01 03 04 02 03 01 03 01 01 01 02 02 01 02 01 04 01 02 01 -9 02 04 01 04 -9 01 02 02 01 02 02 02 02 04 01 03 01 01 02 03 03 03 04 03
LA11_028	9	01 03 04 02 03 01 04 01 04 01 04 02 03 02 01 04 01 02 01 -9 02 04 03 04 -9 01 04 02 01 04 02 02 02 04 01 03 03 01 04 03 04 03 04 03
LA11_029	9	01 03 02 02 03 01 03 01 04 01 02 01 01 02 01 02 01 02 01 02 02 04 01 01 01 01 02 02 01 02 02 02 01 01 01 01 01 01 02 01 04 01 02 02
LA11_029	9	01 03 02 04 03 04 04 03 04 04 04 02 03 04 01 04 04 04 03 04 04 04 03 04 04 03 02 02 03 04 04 04 02 04 04 03 03 03 04 03 04 03 04 03
LA11_036	9	01 03 02 02 01 01 03 01 04 01 02 02 03 02 01 02 01 02 01 02 02 04 03 04 04 03 02 04 01 02 02 02 01 04 01 03 01 01 04 01 04 03 02 02
LA11_036	9	01 03 04 02 03 01 04 01 04 04 04 02 03 02 04 04 04 02 03 04 02 04 03 04 04 03 02 04 01 04 02 04 02 04 04 03 03 01 04 03 04 03 04 03
LA11_039	9	01 03 02 02 03 01 03 01 04 01 02 02 01 02 01 02 01 02 01 02 04 04 01 01 04 01 02 02 01 02 04 02 02 04 01 01 01 01 02 01 03 01 02 02
LA11_039	9	03 03 04 02 03 01 03 01 04 04 04 02 03 02 04 04 04 04 03 04 04 04 03 04 04 03 02 02 01 04 04 04 02 04 04 01 03 03 02 03 04 03 04 03
LSRC07_01	10	01 01 02 02 01 01 04 01 04 01 04 01 03 02 01 04 01 02 01 02 02 03 03 04 01 01 04 04 01 02 02 04 01 04 01 03 01 01 04 03 04 01 04 03
LSRC07_01	10	01 03 04 04 01 01 04 01 04 01 04 02 03 02 01 04 01 02 01 02 02 03 03 04 01 01 04 04 01 02 02 04 02 04 01 03 01 01 04 03 04 03 04 03
LSRC07_02	10	01 01 04 02 01 01 04 01 01 01 04 01 03 02 01 02 01 02 01 02 02 03 01 04 01 01 02 02 01 02 02 04 02 04 01 01 03 01 04 03 03 03 02 03
LSRC07_02	10	01 03 04 02 03 01 04 03 04 04 04 02 03 02 04 02 01 02 01 02 02 03 03 04 01 01 02 04 01 02 02 04 02 04 01 01 03 01 04 03 04 03 04 03
LSRC07_03	10	01 01 04 02 03 01 04 01 01 01 02 01 03 02 01 04 01 02 01 02 02 03 03 04 01 01 02 02 01 02 02 02 02 04 01 03 03 01 04 03 04 03 02 03
LSRC07_03	10	01 03 04 02 03 01 04 01 01 01 04 02 03 02 01 04 01 02 01 02 02 04 03 04 04 01 02 04 01 04 02 04 02 04 01 03 03 01 04 03 04 03 04 03
LSRC07_04	10	01 01 04 02 01 01 04 01 04 01 04 01 -9 02 01 02 01 02 01 02 02 03 03 04 01 01 02 02 01 02 02 04 02 04 01 03 03 01 02 03 03 03 04 03
LSRC07_04	10	01 03 04 02 01 01 04 01 04 01 04 02 -9 02 04 04 01 02 01 02 02 03 03 04 01 01 02 02 01 02 02 04 02 04 01 03 03 01 04 03 04 03 04 03
LSRC07_05	10	01 03 04 02 01 01 04 01 01 01 04 02 03 02 01 04 01 02 01 02 02 04 03 04 01 01 02 02 01 02 02 04 02 04 01 01 01 01 04 03 04 03 04 03
LSRC07_05	10	01 03 04 02 03 01 04 01 04 04 04 02 03 02 01 04 01 02 01 02 02 04 03 04 01 01 02 02 01 02 04 04 02 04 01 03 01 01 04 03 04 03 04 03
LSRC07_06	10	01 01 04 02 01 01 04 01 04 01 02 02 03 02 01 04 01 02 01 02 02 03 03 04 01 01 02 04 01 02 02 04 02 04 01 03 03 01 04 01 04 03 04 03
LSRC07_06	10	01 03 04 02 03 01 04 03 04 01 04 02 03 02 01 04 01 02 01 02 02 03 03 04 01 03 02 04 01 04 02 04 02 04 01 03 03 01 04 03 04 03 04 03
LSRC07_07	10	01 03 04 02 01 01 04 01 01 01 04 02 03 02 01 04 01 02 01 02 02 03 03 04 01 03 02 02 01 02 02 02 02 04 01 01 03 01 02 01 04 03 04 03
LSRC07_07	10	03 03 04 02 01 01 04 01 01 01 04 02 03 02 01 04 01 02 01 02 02 03 03 04 04 03 04 02 01 02 02 04 02 04 01 03 03 01 04 03 04 03 04 03
LSRC07_08	10	01 01 04 02 01 01 04 01 01 01 04 02 03 02 04 02 01 02 01 02 02 03 03 04 04 01 02 02 01 02 02 02 02 04 01 03 01 01 04 03 04 03 04 03
LSRC07_08	10	01 03 04 02 03 01 04 01 01 01 04 02 03 02 04 04 01 02 01 02 02 04 03 04 04 01 04 02 01 02 04 04 02 04 01 03 03 01 04 03 04 03 04 03
LSRC07_09	10	01 03 04 02 01 01 04 01 01 01 04 02 03 02 01 02 01 02 01 02 02 03 03 04 01 01 02 02 01 02 02 04 02 04 01 01 03 01 04 03 04 03 04 02
LSRC07_09	10	01 03 04 02 03 04 04 01 01 01 04 02 03 02 04 04 01 02 01 02 02 04 03 04 04 01 02 04 03 02 02 04 02 04 01 01 03 01 04 03 04 03 04 03
LSRC07_10	10	01 01 04 02 01 01 04 01 01 01 04 01 03 02 04 04 01 02 01 02 02 03 03 04 01 01 02 02 01 02 02 02 01 04 01 01 03 01 04 03 04 03 04 03
LSRC07_10	10	01 03 04 02 03 01 04 01 04 01 04 01 03 02 04 04 01 02 01 02 02 04 03 04 04 03 02 04 01 02 02 04 02 04 01 01 03 01 04 03 04 03 04 03
LSRC07_11	10	01 01 02 02 03 01 04 01 04 01 04 01 03 02 01 02 01 02 01 02 02 03 03 04 01 01 02 02 01 02 02 02 02 04 01 01 01 01 02 03 03 03 04 03
LSRC07_11	10	03 03 04 02 03 01 04 01 04 01 04 02 03 02 04 04 04 02 01 04 02 04 03 04 04 03 02 04 01 02 02 04 02 04 04 03 03 01 04 03 04 03 04 03
LSRC07_12	10	01 03 04 02 01 01 04 01 04 01 04 02 03 02 01 02 01 02 01 02 02 03 01 -9 01 01 02 02 01 02 02 04 02 04 01 03 01 01 04 01 03 03 04 03
LSRC07_12	10	01 03 04 02 01 01 04 01 04 04 04 02 03 02 01 04 01 02 01 02 02 03 03 -9 01 01 02 04 01 02 02 04 02 04 01 03 03 01 04 03 04 03 04 03
LSRC07_13	10	03 01 04 02 03 01 03 01 04 01 04 02 03 02 01 02 01 02 01 02 02 03 03 04 04 01 02 02 01 02 02 02 02 04 01 03 01 01 02 01 03 03 04 03
LSRC07_13	10	03 03 04 02 03 01 04 01 04 01 04 02 03 02 01 02 01 02 01 02 04 03 03 04 04 01 02 02 03 02 02 02 02 04 01 03 03 01 04 03 04 03 04 03
LSRC07_14	10	01 01 04 02 01 01 04 01 04 01 04 01 03 02 01 04 01 02 01 02 02 03 03 04 01 01 02 02 01 02 02 04 02 04 01 01 01 01 04 03 04 03 04 03
LSRC07_14	10	01 03 04 02 03 01 04 03 04 04 04 01 03 02 01 04 01 02 01 02 02 04 03 04 01 01 02 02 01 02 02 04 02 04 01 03 03 01 04 03 04 03 04 03
LSRC07_15	10	01 01 02 02 03 01 03 01 01 01 02 02 01 02 01 02 01 02 01 02 02 04 01 -9 04 03 02 02 01 02 02 02 01 04 01 01 03 01 02 01 04 01 02 02
LSRC07_15	10	01 03 04 04 03 04 04 03 04 04 04 02 03 04 04 04 04 04 01 04 04 04 03 -9 04 03 02 02 01 04 02 04 02 04 04 03 03 03 04 03 04 03 04 03
LSRC07_16	10	-9 03 04 02 01 01 04 01 01 01 04 02 03 02 01 02 01 02 01 02 02 03 03 04 01 01 02 02 01 02 02 02 02 04 01 03 01 01 04 03 04 03 04 03
LSRC07_16	10	-9 03 04 02 01 01 04 03 01 01 04 02 03 02 01 04 04 02 01 02 02 04 03 04 01 01 02 02 01 02 02 02 02 04 04 03 01 01 04 03 04 03 04 03
MF_001	11	01 03 04 02 01 01 04 01 04 01 04 02 03 02 01 02 01 02 01 02 02 03 03 04 01 01 02 02 01 02 02 02 02 04 01 01 01 01 04 03 04 03 04 03
MF_001	11	01 03 04 02 03 01 04 01 04 01 04 02 03 02 01 04 01 02 01 02 02 04 03 04 01 03 02 04 01 02 02 04 02 04 01 03 03 01 04 03 04 03 04 03
MF_002	11	01 03 04 02 03 01 04 01 01 01 04 02 03 02 01 04 01 02 01 02 02 04 03 04 01 01 02 02 01 02 02 02 01 04 01 01 01 01 02 03 04 03 04 03
MF_002	11	01 03 04 02 03 01 04 01 04 01 04 02 03 02 01 04 01 02 01 02 02 04 03 04 01 01 02 02 01 02 02 04 02 04 01 01 03 01 04 03 04 03 04 03
MF_003	11	01 01 04 02 03 01 04 01 01 01 04 02 03 02 01 04 01 02 01 02 02 03 03 04 01 01 02 02 01 02 02 02 02 04 01 01 01 01 04 03 04 03 04 03
MF_003	11	01 03 04 02 03 01 04 01 04 01 04 02 03 02 01 04 01 02 01 02 02 03 03 04 01 01 02 02 03 02 02 04 02 04 01 03 01 01 04 03 04 03 04 03
MF_004	11	01 03 02 02 01 01 04 01 01 01 04 02 03 02 04 02 01 02 01 02 02 03 03 04 01 01 02 02 01 02 02 02 02 04 01 01 03 01 04 01 04 03 04 03
MF_004	11	01 03 04 02 03 01 04 01 04 04 04 02 03 02 04 02 01 02 01 02 02 04 03 04 04 03 02 02 01 02 02 04 02 04 01 01 03 01 04 03 04 03 04 03
MF_005	11	01 03 04 02 01 01 04 01 01 01 04 02 01 02 01 02 01 02 01 02 02 03 01 04 01 01 02 04 01 02 02 02 02 04 01 03 01 01 02 03 04 03 04 03
MF_005	11	01 03 04 02 03 01 04 01 04 01 04 02 03 02 01 04 01 02 01 02 02 04 03 04 01 01 02 04 01 02 02 02 02 04 01 03 01 01 02 03 04 03 04 03
MF_006	11	01 03 02 02 01 01 04 01 01 01 04 02 03 02 01 02 01 02 01 02 02 03 03 04 01 03 02 02 01 02 02 02 02 04 01 03 01 01 02 03 04 03 04 03
MF_006	11	01 03 04 02 01 01 04 01 04 01 04 02 03 02 01 04 01 02 01 04 02 03 03 04 01 03 02 02 01 02 02 04 02 04 01 03 01 01 02 03 04 03 04 03
MF_007	11	01 01 04 02 03 01 04 01 01 01 04 02 03 02 01 04 01 02 01 02 02 03 03 04 01 01 02 02 01 02 02 02 02 04 01 01 03 01 04 03 04 03 04 03
MF_007	11	01 03 04 02 03 01 04 01 01 01 04 02 03 02 01 04 01 02 01 02 02 04 03 04 04 01 02 02 01 02 02 04 02 04 01 01 03 01 04 03 04 03 04 03
MF_008	11	01 03 04 02 03 01 04 01 04 01 04 02 01 02 01 02 01 02 01 02 02 03 03 04 01 03 02 02 01 02 02 02 02 04 01 01 01 01 04 03 04 03 04 03
MF_008	11	01 03 04 02 03 01 04 01 04 01 04 02 03 02 01 04 01 02 01 02 02 04 03 04 01 03 02 04 01 02 02 02 02 04 01 03 03 01 04 03 04 03 04 03
MF_009	11	01 03 04 02 01 01 04 01 01 01 04 02 03 02 01 04 01 02 01 02 02 03 03 04 01 01 02 02 01 02 02 02 01 04 01 01 01 01 04 03 04 03 04 03
MF_009	11	01 03 04 02 03 01 04 01 01 01 04 02 03 02 01 04 01 02 01 02 02 03 03 04 01 01 02 02 01 02 02 04 02 04 01 03 03 01 04 03 04 03 04 03
MF_010	11	01 03 04 02 01 01 04 01 04 01 04 01 03 02 01 02 01 02 01 02 02 03 03 04 01 01 02 02 01 02 02 02 02 04 01 01 01 01 04 03 04 03 04 03
MF_010	11	01 03 04 02 03 01 04 01 04 01 04 02 03 02 01 04 01 04 01 02 02 04 03 04 01 01 02 02 01 02 02 04 02 04 01 03 01 01 04 03 04 03 04 03
MF_011	11	01 03 04 02 01 01 04 01 04 01 04 02 03 02 01 02 01 02 01 02 02 03 03 04 01 01 02 02 01 02 02 02 02 04 01 03 01 01 04 03 04 03 02 03
MF_011	11	03 03 04 02 03 01 04 01 04 04 04 02 03 02 01 04 01 02 01 02 02 03 03 04 01 01 02 02 01 02 02 02 02 04 01 03 01 03 04 03 04 03 04 03
MF_012	11	01 03 04 02 01 01 04 01 01 01 04 02 03 02 01 02 01 02 01 02 02 03 03 04 01 01 02 02 01 02 02 02 02 04 01 03 01 01 02 03 04 03 04 03
MF_012	11	01 03 04 02 03 01 04 01 04 01 04 02 03 02 01 04 01 02 01 02 04 03 03 04 01 03 02 04 01 02 02 04 02 04 01 03 01 01 04 03 04 03 04 03
MF_013	11	01 03 04 02 01 01 04 01 04 01 04 02 03 02 01 04 01 02 01 02 02 03 03 04 01 03 02 02 01 02 02 02 02 04 01 03 01 01 04 03 04 01 04 03
MF_013	11	01 03 04 02 03 01 04 01 04 01 04 02 03 02 01 04 01 02 01 02 02 04 03 04 01 03 02 02 01 02 02 02 02 04 01 03 03 01 04 03 04 03 04 03
MF_014	11	01 03 04 02 01 01 04 01 01 01 04 02 03 02 01 02 01 02 01 02 02 03 03 04 01 01 02 02 01 02 02 02 02 04 01 03 01 01 02 03 04 03 04 03
MF_014	11	01 03 04 02 03 01 04 01 04 01 04 02 03 02 01 04 01 02 01 02 04 03 03 04 01 03 02 04 01 02 02 04 02 04 01 03 01 01 04 03 04 03 04 03
MF_015	11	01 03 04 02 01 01 04 01 04 01 04 02 03 02 01 02 01 02 01 02 02 03 03 04 01 01 02 02 01 02 02 02 02 04 01 03 01 01 04 03 04 03 02 03
MF_015	11	03 03 04 02 03 01 04 01 04 04 04 02 03 02 01 04 01 02 01 02 02 03 03 04 01 01 02 02 01 02 02 02 02 04 01 03 01 03 04 03 04 03 04 03
MF_016	11	01 03 04 02 03 01 04 01 01 01 04 02 03 02 01 02 01 02 01 02 02 03 03 04 01 03 02 02 01 02 02 04 02 04 01 01 01 01 04 03 04 03 04 03
MF_016	11	01 03 04 02 03 04 04 01 04 01 04 02 03 02 01 04 01 04 01 02 02 04 03 04 01 03 02 02 01 02 04 04 02 04 01 03 01 01 04 03 04 03 04 03
RBRLE_1	12	01 03 04 04 01 01 03 03 01 01 02 02 03 02 01 02 04 02 03 02 04 03 01 04 04 01 02 02 03 04 04 04 01 01 04 03 01 01 02 01 04 01 02 02
RBRLE_1	12	01 03 04 04 03 01 04 03 04 01 02 02 03 04 04 04 04 04 03 02 04 04 03 04 04 03 02 02 03 04 04 04 02 04 04 03 03 03 04 03 04 01 04 03
RBRLE_2	12	01 03 02 02 01 01 03 03 04 04 02 02 03 02 01 02 01 02 03 02 04 04 01 01 04 01 02 02 01 02 02 04 01 04 01 01 01 01 02 03 04 01 02 03
RBRLE_2	12	01 03 02 04 03 01 04 03 04 04 02 02 03 04 01 04 04 02 03 02 04 04 03 01 04 03 02 02 03 04 04 04 01 04 04 03 03 01 02 03 04 01 04 03
RBRLE_3	12	03 03 04 02 03 01 03 03 01 01 02 02 03 04 01 04 04 04 03 04 04 04 01 01 04 01 02 02 03 04 02 02 01 01 04 03 03 03 02 03 03 01 02 02
RBRLE_3	12	03 03 04 04 03 01 03 03 04 04 04 02 03 04 04 04 04 04 03 04 04 04 01 01 04 03 02 02 03 04 02 02 01 04 04 03 03 03 02 03 04 03 04 03
RBRLE_4	12	01 01 02 02 03 01 03 01 04 01 02 02 03 04 04 02 01 02 03 04 02 03 03 01 04 01 02 02 03 04 04 04 02 01 01 03 03 01 02 01 04 01 02 03
RBRLE_4	12	01 03 02 04 03 01 03 03 04 01 02 02 03 04 04 02 01 04 03 04 02 04 03 01 04 03 02 04 03 04 04 04 02 04 01 03 03 01 02 03 04 03 04 03
RBRLE_5	12	01 03 02 02 01 04 03 01 04 01 02 02 01 02 04 02 04 02 03 04 02 04 01 04 04 03 02 02 01 02 02 02 02 01 04 01 01 01 02 01 04 01 02 02
RBRLE_5	12	01 03 04 04 03 04 03 01 04 04 04 02 01 04 04 04 04 04 03 04 04 04 01 04 04 03 04 02 03 04 04 04 02 04 04 03 03 03 02 01 04 03 04 03
RBRLE_6	12	01 01 04 04 01 01 03 01 04 04 02 01 03 02 04 02 04 02 03 04 02 03 03 01 04 03 02 02 01 02 04 04 02 01 04 03 03 01 04 01 04 01 02 02
RBRLE_6	12	01 03 04 04 03 04 04 03 04 04 04 02 03 04 04 02 04 04 03 04 04 04 03 04 04 03 02 02 03 04 04 04 02 01 04 03 03 03 04 01 04 03 02 03
RBRLE_7	12	01 01 02 04 03 01 04 03 04 04 02 02 03 02 01 02 01 02 01 04 04 04 01 01 04 01 02 02 01 04 04 02 01 01 01 03 03 03 02 01 04 01 02 02
RBRLE_7	12	01 03 04 04 03 04 04 03 04 04 04 02 03 04 04 02 04 02 03 04 04 04 03 01 04 03 02 02 03 04 04 04 01 04 04 03 03 03 02 03 04 03 02 02
RBRLE_8	12	01 03 02 04 03 01 04 01 04 04 02 02 01 02 04 04 04 02 01 02 04 04 01 01 04 03 02 02 03 02 02 02 01 01 04 03 03 03 02 03 04 03 04 03
RBRLE_8	12	01 03 04 04 03 04 04 01 04 04 02 02 01 04 04 04 04 02 01 04 04 04 03 01 04 03 02 04 03 04 02 02 01 04 04 03 03 03 04 03 04 03 04 03
RBRLE_9	12	01 03 02 02 01 01 03 01 04 04 02 01 03 04 01 02 01 02 01 02 04 03 01 01 04 03 02 02 01 02 04 04 01 01 01 01 03 03 02 03 04 01 02 02
RBRLE_9	12	01 03 02 02 03 01 04 01 04 04 02 02 03 04 04 02 04 02 03 04 04 04 01 01 04 03 02 02 03 04 04 04 01 01 04 03 03 03 02 03 04 03 02 03
RBRLE_10	12	01 01 04 04 03 01 03 01 04 01 02 02 01 04 01 02 01 02 03 02 02 04 01 04 01 03 02 02 01 02 04 04 01 04 04 01 01 03 02 01 04 01 02 03
RBRLE_10	12	01 03 04 04 03 01 04 03 04 04 02 02 03 04 01 04 04 02 03 04 04 04 01 04 04 03 02 02 01 04 04 04 01 04 04 03 03 03 02 03 04 03 02 03
RBRLE_11	12	01 01 02 02 03 01 03 01 04 01 02 02 01 02 04 04 04 02 03 04 02 04 01 04 04 01 02 02 03 02 02 04 01 01 04 01 03 03 02 01 04 03 02 02
RBRLE_11	12	01 03 04 04 03 04 03 03 04 01 02 02 03 02 04 04 04 04 03 04 04 04 03 04 04 03 04 02 03 04 04 04 02 04 04 01 03 03 02 03 04 03 02 02
RBRLE_12	12	01 03 02 02 03 04 03 03 04 01 02 01 01 02 01 02 01 02 03 04 02 04 01 01 01 01 02 02 01 02 02 04 01 01 01 01 01 01 02 01 04 01 02 02
RBRLE_12	12	01 03 04 04 03 04 03 03 04 04 02 02 03 04 04 04 04 04 03 04 04 04 01 01 04 03 02 02 03 04 02 04 01 01 04 01 03 03 02 01 04 03 02 03
RBRLE_13	12	01 01 02 02 03 04 04 01 04 01 02 02 01 04 01 02 04 02 03 04 02 03 01 01 01 01 02 02 03 02 02 02 01 01 04 01 01 01 02 01 03 01 02 02
RBRLE_13	12	01 03 04 04 03 04 04 03 04 04 04 02 01 04 04 04 04 04 03 04 02 04 01 04 01 01 02 02 03 04 04 04 02 04 04 01 03 03 02 03 04 03 02 02
RBRLE_14	12	01 03 02 02 03 04 04 01 04 04 02 02 01 04 04 04 01 02 01 04 02 03 03 04 04 01 02 02 01 02 02 04 01 01 01 01 03 01 02 01 04 01 02 02
RBRLE_14	12	01 03 04 04 03 04 04 03 04 04 04 02 01 04 04 04 04 04 03 04 02 04 03 04 04 03 02 02 03 04 04 04 02 01 04 01 03 03 02 03 04 03 02 03
RBRLE_15	12	01 03 02 02 01 01 03 03 01 01 04 01 01 04 01 02 04 02 01 02 02 04 01 04 04 01 02 02 01 02 02 02 01 04 04 01 01 01 02 03 04 01 02 02
RBRLE_15	12	03 03 02 04 03 04 04 03 04 04 04 01 03 04 04 02 04 02 03 04 04 04 03 04 04 03 04 02 03 04 04 04 02 04 04 01 03 03 02 03 04 03 02 03
RBRLE_16	12	01 01 02 02 01 01 03 01 04 04 02 02 01 04 04 02 01 02 03 02 02 03 01 04 04 03 02 02 03 02 02 02 01 01 01 03 03 01 02 01 04 01 02 02
RBRLE_16	12	01 03 04 04 03 04 03 03 04 04 02 02 03 04 04 02 04 02 03 02 04 03 03 04 04 03 02 04 03 04 02 04 02 01 04 03 03 03 02 01 04 03 02 03
SIPLMB_39	13	01 03 04 02 01 01 04 01 01 01 04 02 03 02 01 02 01 02 01 02 02 03 03 04 01 01 02 02 01 02 02 02 01 04 01 01 03 01 04 03 04 01 04 02
SIPLMB_39	13	01 03 04 02 03 01 04 01 01 04 04 02 03 02 01 04 01 04 01 02 02 03 03 04 01 03 04 02 01 02 02 04 02 04 01 03 03 03 04 03 04 03 04 03
SIPLMB_41	13	01 03 04 02 03 01 04 01 01 01 04 01 03 02 01 02 01 02 01 02 02 04 03 04 01 01 02 02 01 02 02 02 02 04 01 01 01 01 04 03 04 03 04 03
SIPLMB_41	13	01 03 04 02 03 01 04 01 04 01 04 02 03 02 01 04 01 02 03 02 02 04 03 04 01 01 02 02 01 02 02 02 02 04 01 03 03 01 04 03 04 03 04 03
SIPLMB_42	13	01 03 04 02 01 01 04 01 01 01 04 02 03 02 01 04 01 02 01 02 02 04 03 04 04 03 02 02 01 02 02 02 02 04 01 01 01 01 04 03 04 03 04 03
SIPLMB_42	13	01 03 04 02 03 01 04 01 04 01 04 02 03 02 01 04 01 02 01 02 02 04 03 04 04 03 02 04 01 02 02 04 02 04 01 03 01 01 04 03 04 03 04 03
W_001	14	01 01 04 02 03 01 04 01 01 01 04 02 03 02 01 04 01 02 01 02 02 03 03 04 01 01 02 02 03 02 02 02 02 04 01 03 03 01 04 01 04 03 04 03
W_001	14	01 03 04 02 03 01 04 01 04 04 04 02 03 04 01 04 01 04 01 02 02 04 03 04 01 01 02 04 03 02 02 04 02 04 01 03 03 03 04 03 04 03 04 03
W_002	14	01 03 04 02 01 01 04 01 04 01 02 01 01 02 01 04 01 02 01 02 02 03 03 04 01 01 02 02 01 02 02 02 01 04 01 03 01 01 04 03 04 01 02 03
W_002	14	03 03 04 04 01 01 04 01 04 01 04 02 03 02 01 04 04 02 01 02 02 04 03 04 01 03 02 02 01 04 02 04 02 04 04 03 03 01 04 03 04 03 04 03
W_003	14	01 03 02 02 03 01 04 01 04 01 04 01 03 02 01 02 01 02 01 02 02 04 03 04 04 01 02 02 01 02 02 02 02 04 01 03 01 01 04 03 04 03 02 02
W_003	14	01 03 04 02 03 01 04 01 04 04 04 02 03 02 04 04 04 04 01 02 02 04 03 04 04 01 02 04 01 04 04 02 02 04 04 03 03 01 04 03 04 03 04 03
W_004	14	01 03 04 02 01 01 04 01 04 01 02 02 01 02 01 04 01 02 01 02 04 04 03 04 01 01 02 04 01 02 02 02 02 04 01 03 01 01 02 03 04 03 04 03
W_004	14	03 03 04 02 03 04 04 01 04 01 02 02 03 04 04 04 01 04 01 02 04 04 03 04 01 01 04 04 01 02 02 04 02 04 01 03 01 03 04 03 04 03 04 03
W_005	14	-9 03 04 02 01 01 04 01 01 01 02 01 03 02 01 02 01 02 01 02 02 03 03 04 01 01 02 02 01 02 02 02 02 -9 01 01 01 01 04 03 04 03 02 03
W_005	14	-9 03 04 02 03 01 04 03 01 04 04 02 03 02 04 04 01 02 01 04 02 03 03 04 04 01 04 04 01 02 02 04 02 -9 01 03 03 01 04 03 04 03 04 03
W_006	14	01 01 04 02 01 01 03 01 01 01 02 02 01 02 01 04 01 02 01 04 02 03 01 04 01 01 02 02 01 02 02 02 02 04 01 03 01 01 02 03 04 03 02 02
W_006	14	01 03 04 02 03 01 03 03 04 01 04 02 03 04 04 04 01 02 03 04 02 04 03 04 01 01 02 02 03 02 02 04 02 04 01 03 03 01 04 03 04 03 04 02
W_007	14	01 01 02 02 01 01 04 01 04 01 04 01 01 02 01 02 01 02 01 02 02 03 01 04 01 01 02 02 01 02 02 02 01 04 01 01 01 01 02 01 04 03 02 03
W_007	14	03 03 04 02 01 01 04 01 04 04 04 02 03 04 04 04 01 02 01 04 04 03 03 04 01 03 02 02 01 02 02 04 02 04 01 03 03 01 02 03 04 03 04 03
W_008	14	01 03 04 02 03 01 04 01 01 01 04 01 03 02 01 04 01 02 01 02 02 04 03 04 01 01 04 02 01 02 02 02 02 04 01 01 01 01 02 01 04 03 02 02
W_008	14	03 03 04 02 03 01 04 01 04 01 04 01 03 04 04 04 01 04 03 04 04 04 03 04 01 03 04 04 01 02 02 04 02 04 01 03 03 01 04 03 04 03 04 03
W_009	14	01 01 04 02 01 01 04 01 01 01 04 02 03 02 01 04 01 02 01 02 02 03 03 04 04 01 02 02 01 02 02 02 02 04 01 01 03 01 04 03 03 03 02 02
W_009	14	03 03 04 04 03 04 04 03 04 01 04 02 03 02 01 04 04 02 01 02 04 04 03 04 04 01 04 02 01 02 02 02 02 04 04 03 03 01 04 03 04 03 04 03
W_010	14	01 03 02 02 03 01 03 01 01 01 02 01 01 02 01 04 01 02 01 02 02 03 03 01 01 01 02 02 01 02 02 02 02 04 01 03 03 01 02 03 04 03 04 03
W_010	14	01 03 02 02 03 01 04 01 01 01 02 02 03 04 01 04 01 02 01 04 04 03 03 01 01 03 02 04 03 04 02 04 02 04 01 03 03 01 02 03 04 03 04 03
W_011	14	01 03 04 02 03 01 03 01 01 04 02 01 03 04 01 04 01 02 01 02 02 03 03 04 01 03 02 02 01 02 02 02 01 04 01 01 01 01 04 01 04 01 04 02
W_011	14	01 03 04 02 03 01 04 01 04 04 04 02 03 04 04 04 01 02 03 04 04 04 03 04 01 03 02 04 03 04 04 02 02 04 01 01 03 01 04 03 04 03 04 02
W_012	14	01 01 04 02 01 01 03 01 04 01 04 01 01 02 01 04 01 02 01 02 02 04 03 04 01 01 02 04 01 02 02 02 02 04 01 01 01 01 04 03 04 03 02 02
W_012	14	03 03 04 02 03 01 04 01 04 01 04 02 03 04 01 04 04 02 01 02 04 04 03 04 01 03 02 04 01 02 02 02 02 04 04 03 01 01 04 03 04 03 04 03
W_013	14	01 01 04 02 01 01 04 01 01 04 02 01 01 02 01 04 01 02 01 02 02 03 03 04 01 01 02 02 01 02 02 02 02 04 01 03 01 01 02 03 04 03 02 03
W_013	14	03 01 04 02 03 01 04 01 04 04 02 01 03 02 04 04 01 02 01 02 02 04 03 04 01 01 04 04 01 02 04 04 02 04 01 03 03 01 02 03 04 03 04 03
W_014	14	01 01 04 02 01 01 04 01 04 01 04 02 03 02 01 02 01 02 01 02 02 03 03 04 04 01 02 02 01 02 02 04 01 04 01 01 01 01 04 03 04 03 04 03
W_014	14	01 03 04 02 03 01 04 03 04 04 04 02 03 02 01 04 01 02 01 02 02 03 03 04 04 01 04 04 01 04 02 04 02 04 01 03 01 01 04 03 04 03 04 03
W_015	14	01 01 02 02 01 01 03 01 01 01 02 01 03 02 01 02 01 02 01 02 02 03 03 04 04 03 02 02 01 -9 02 02 01 04 01 03 03 01 02 03 03 03 02 03
W_015	14	03 03 04 02 03 01 04 01 04 04 04 01 03 02 01 04 04 04 01 04 02 04 03 04 04 03 02 04 03 -9 04 04 01 04 04 03 03 01 04 03 04 03 04 03
W_016	14	01 03 04 02 01 01 04 01 01 01 02 01 03 02 01 02 01 02 01 02 02 03 01 04 01 01 04 02 01 02 02 02 02 04 01 01 03 01 02 03 04 03 02 03
W_016	14	03 03 04 02 03 01 04 01 01 01 04 02 03 04 04 04 01 02 01 04 02 03 03 04 04 03 04 04 01 04 02 04 02 04 01 03 03 03 04 03 04 03 04 03
WH_51	15	01 01 02 02 01 01 04 01 04 01 04 01 03 02 01 04 01 02 01 02 02 03 03 04 01 01 04 02 01 02 02 02 02 04 01 01 01 01 04 01 03 03 04 03
WH_51	15	03 01 04 04 01 01 04 01 04 04 04 01 03 02 01 04 01 02 01 02 02 03 03 04 01 01 04 04 01 02 02 04 02 04 01 03 03 01 04 03 03 03 04 03
WH_53	15	03 01 04 02 01 01 04 01 01 01 04 01 03 02 01 04 01 02 01 02 02 03 03 04 01 01 04 04 01 02 02 02 02 04 01 03 01 01 02 03 03 01 02 03
WH_53	15	03 03 04 02 03 01 04 01 04 01 04 01 03 02 01 04 01 02 01 04 02 03 03 04 01 01 04 04 01 02 02 02 02 04 01 03 01 03 04 03 03 03 04 03
WH_54	15	-9 01 04 02 01 01 04 01 01 01 04 01 03 02 01 04 01 02 01 02 02 03 03 04 01 01 04 02 01 02 02 02 02 04 01 03 01 01 04 03 03 03 04 03
WH_54	15	-9 03 04 02 01 01 04 01 01 04 04 02 03 02 01 04 01 02 01 02 02 04 03 04 01 01 04 04 03 02 02 04 02 04 01 03 01 01 04 03 04 03 04 03
WH_55	15	03 01 04 02 01 01 04 01 01 01 04 02 03 02 01 04 01 02 01 02 02 03 03 04 01 01 04 02 01 02 02 02 02 04 01 03 01 01 02 01 03 01 -9 03
WH_55	15	03 01 04 02 01 01 04 01 04 01 04 02 03 02 04 04 01 02 01 02 02 03 03 04 01 01 04 04 01 02 02 02 02 04 01 03 01 01 04 03 04 03 -9 03
WH_56	15	03 01 04 02 01 01 04 01 01 01 04 01 03 02 01 02 01 02 01 02 02 03 03 04 01 01 04 02 01 02 02 02 02 04 01 03 01 01 04 03 03 03 04 03
WH_56	15	03 03 04 02 01 01 04 01 04 01 04 02 03 02 01 04 01 02 01 02 02 03 03 04 01 01 04 04 01 02 02 02 02 04 01 03 01 01 04 03 04 03 04 03
WH_57	15	01 01 04 02 01 01 04 01 01 01 04 01 03 02 01 04 01 02 01 02 02 03 03 04 01 01 02 04 01 02 02 02 02 04 01 03 01 01 04 03 03 03 -9 03
WH_57	15	01 03 04 02 03 01 04 01 01 01 04 01 03 02 01 04 01 02 01 02 02 03 03 04 01 01 02 04 01 02 02 04 02 04 01 03 03 01 04 03 04 03 -9 03
WH_59	15	03 01 04 02 01 01 04 01 01 01 04 01 03 02 01 02 01 02 01 02 02 03 03 04 04 01 04 04 01 02 02 02 02 04 01 03 01 01 04 03 03 03 04 03
WH_59	15	03 03 04 02 01 01 04 01 01 01 04 01 03 02 01 04 01 02 01 02 02 03 03 04 04 01 04 04 01 02 02 02 02 04 01 03 01 01 04 03 04 03 04 03
WH_60	15	03 01 04 02 01 01 04 01 01 01 04 01 03 02 01 02 01 02 01 02 02 03 03 04 01 01 04 02 01 02 02 02 02 04 01 03 01 01 04 03 03 03 04 03
WH_60	15	03 03 04 02 01 01 04 01 04 01 04 01 03 02 01 04 01 02 01 02 02 03 03 04 01 01 04 02 01 02 02 02 02 04 01 03 03 01 04 03 03 03 04 03
WH_61	15	03 01 02 02 01 01 04 01 01 01 02 01 01 02 01 04 01 02 01 02 02 03 01 01 01 01 04 02 01 02 02 02 01 04 01 03 01 01 02 03 03 03 02 02
WH_61	15	03 03 04 04 03 01 04 03 04 04 04 02 03 04 01 04 01 02 03 04 02 04 03 01 01 03 04 02 01 02 04 02 02 04 01 03 03 01 04 03 04 03 04 03
WH_62	15	03 01 04 02 01 01 04 01 01 01 04 01 03 02 01 04 01 02 01 02 02 03 03 04 01 01 04 02 01 02 02 02 02 04 01 03 01 01 04 03 03 03 04 03
WH_62	15	03 03 04 02 01 01 04 01 04 01 04 01 03 02 01 04 01 02 01 02 04 03 03 04 01 01 04 04 03 02 02 04 02 04 01 03 01 01 04 03 03 03 04 03
WH_63	15	03 01 04 02 01 01 03 01 04 01 04 01 01 02 01 04 01 02 01 02 02 03 01 04 01 01 02 04 01 02 02 02 02 04 01 03 01 01 02 03 03 03 04 03
WH_63	15	03 01 04 04 01 01 04 03 04 04 04 02 03 02 01 04 04 02 03 02 04 04 03 04 01 01 04 04 01 02 02 04 02 04 04 03 03 01 04 03 03 03 04 03
WH_64	15	01 01 04 02 01 01 -9 01 01 01 02 01 03 02 01 02 01 04 01 02 02 03 03 04 01 01 04 02 01 02 02 02 02 04 01 01 01 01 02 01 03 03 04 03
WH_64	15	03 03 04 02 03 04 -9 03 01 01 04 02 03 02 01 04 04 04 03 02 04 04 03 04 04 01 04 04 01 02 04 02 02 04 04 03 01 03 04 03 04 03 04 03
WH_65	15	01 03 04 02 01 01 04 01 04 01 04 01 01 02 01 02 01 02 01 02 02 03 01 01 04 01 04 04 01 02 02 02 02 04 01 01 01 01 02 03 03 01 04 03
WH_65	15	03 03 04 02 03 01 04 01 04 01 04 02 03 02 04 04 04 02 03 04 02 03 03 04 04 03 04 04 01 02 04 04 02 04 04 03 01 01 04 03 03 03 04 03
WH_67	15	03 03 04 02 01 01 04 01 01 01 02 01 03 02 01 02 01 02 01 02 02 03 03 04 01 01 02 02 01 02 02 02 02 04 01 03 01 01 04 01 04 03 04 02
WH_67	15	03 03 04 02 01 01 04 01 01 04 04 02 03 02 01 04 01 02 01 04 02 03 03 04 04 01 02 04 01 04 02 02 02 04 01 03 03 03 04 03 04 03 04 03
