	MpRETP16597TP20237T	MpRETP29431T	MpRETP30468C	MpRETP5605T	MpRETP8149T	MpSHTP18868C	RETP3652A	RETP4454T	RETP4714A	RETP5033T	RETP5103T	RETP5317T	RETP5475A	RETP7076G	RETP7594T	ShTP20328A	SMShTP1235G	SMShTP5873G	SPMhRETP1192T	SPMhRETP12009T	SPMhRETP18151G	SPMhRETP18863TP20134T	SPMhRETP21822TP22590A	SPMhRETP2910G	SPMhRETP6389C	SPMhRETP7161A	SPMhRETP7458TP15274C	SPMhRETP8383G	MpRETP17639A	MpRETP9363A	MpSMBTP16142A	RETP10556A	RETP13743C	RETP3097A	RETP4504A	RETP4592A	RETP4763G	RETP4967G	RETP5089T	RETP5172C	RETP5306A	RETP5360T	ShTP6906C	ShTP9651T	ShTP9781T	SMRETP23527A	SMRETP25045A	SMRETP6977C	SMShTP13277T	SMShTP21440A	SMShTP5127T	SMShTP7448C	SPMhRETP11109C	SPMhRETP1486CG	SPMhRETP15885T	SPMhRETP18435T	SPMhRETP24673A	SPMhRETP26317T	SPMhRETP28164T	SPMhRETP3437T	SPMhRETP4105A	SPMhRETP6034TP13641T	SPMhRETP8469A	SPMhRETP8660C
CHB003	1	04 04 02 04 04 04 01 04 01 04 04 04 01 04 04 03 01 01 04 04 03 02 01 03 02 01 02 02 01 01 02 01 02 03 01 01 03 03 03 02 01 04 04 02 02 -9 01 02 02 03 01 01 02 02 04 02 01 04 04 04 01 04 01 02
CHB003	1	04 04 02 04 04 04 01 04 04 04 04 04 01 04 04 03 01 01 04 04 03 04 01 03 02 01 02 02 01 01 02 01 02 03 01 01 03 03 03 02 01 04 04 02 02 -9 01 02 02 03 01 01 02 03 04 04 01 04 04 04 01 04 01 02
CHB004	1	04 04 02 04 04 04 01 04 04 04 04 04 01 04 04 03 01 01 04 04 03 04 01 03 02 01 02 02 01 01 02 01 02 01 01 01 03 03 03 02 01 04 04 02 02 01 01 02 02 03 01 01 02 02 04 04 01 04 04 04 01 04 01 02
CHB004	1	04 04 02 04 04 04 01 04 04 04 04 04 01 04 04 03 01 01 04 04 03 04 01 03 02 01 02 02 01 01 02 01 02 01 01 01 03 03 03 02 01 04 04 02 02 01 01 02 02 03 01 01 04 03 04 04 01 04 04 04 01 04 01 02
CHB006	1	04 04 02 04 04 04 01 04 01 04 04 04 01 04 04 03 01 01 04 04 03 02 01 03 02 01 02 02 01 01 02 01 02 01 01 01 03 03 03 02 01 04 04 02 02 -9 01 02 02 03 01 01 02 02 04 02 01 04 04 04 01 04 01 02
CHB006	1	04 04 02 04 04 04 01 04 01 04 04 04 01 04 04 03 01 01 04 04 03 04 01 03 02 01 02 03 01 01 02 03 02 01 01 01 03 03 03 02 01 04 04 02 02 -9 01 02 02 03 01 01 02 03 04 04 01 04 04 04 01 04 01 02
CHB008	1	04 04 02 04 04 04 01 04 01 04 04 04 01 04 04 03 01 01 04 04 03 04 01 03 02 01 02 03 01 01 02 01 02 01 01 01 03 03 03 02 01 04 04 02 02 01 01 02 02 03 01 01 02 02 04 04 01 04 04 04 01 04 01 02
CHB008	1	04 04 02 04 04 04 01 04 01 04 04 04 01 04 04 03 01 01 04 04 03 04 01 03 02 01 02 03 01 01 02 01 02 01 01 01 03 03 03 02 01 04 04 02 02 01 01 02 02 03 01 01 02 03 04 04 01 04 04 04 01 04 01 02
CHBCFC001	1	04 04 02 04 04 04 01 04 04 01 04 04 01 04 04 03 01 01 04 04 03 02 01 03 02 01 02 02 01 01 02 01 02 01 01 01 03 03 03 02 01 04 04 02 02 01 01 02 02 03 01 01 02 03 04 04 01 04 04 04 01 04 01 02
CHBCFC001	1	04 04 03 04 04 04 01 04 04 04 04 04 01 04 04 03 01 01 04 04 03 04 01 03 02 01 02 03 01 01 02 01 02 01 01 01 03 03 04 02 01 04 04 02 02 01 03 02 02 03 01 01 02 03 04 04 01 04 04 04 01 04 01 02
CHBCFC003	1	04 04 02 04 04 04 01 04 04 04 04 04 01 04 04 03 01 01 04 04 03 02 01 03 02 01 02 02 01 01 02 01 02 01 01 01 03 03 03 02 01 04 04 02 02 01 01 02 02 03 01 01 02 02 04 04 01 04 04 04 01 04 01 02
CHBCFC003	1	04 04 02 04 04 04 01 04 04 04 04 04 01 04 04 03 01 01 04 04 03 04 01 03 02 01 02 03 01 01 02 01 02 01 01 01 03 03 04 02 01 04 04 02 02 01 01 02 02 03 04 01 02 03 04 04 01 04 04 04 01 04 01 02
CHBCFC005	1	04 04 02 04 04 04 01 04 01 01 04 04 01 04 04 03 01 01 04 04 03 02 01 03 02 01 02 02 01 01 02 01 02 01 01 01 03 03 04 02 01 04 04 02 02 01 01 02 02 03 01 01 02 02 04 04 01 04 04 04 01 04 01 02
CHBCFC005	1	04 04 02 04 04 04 01 04 01 04 04 04 01 04 04 03 01 01 04 04 03 04 01 03 02 01 02 02 01 01 02 01 02 03 01 01 03 03 04 02 01 04 04 02 02 01 01 02 02 03 04 01 02 03 04 04 01 04 04 04 01 04 01 02
CHBCFC006	1	04 04 02 04 04 04 01 04 01 01 04 04 01 04 04 03 01 01 04 04 03 04 01 03 02 01 02 02 01 01 02 01 02 01 01 01 03 03 03 02 01 04 04 02 02 01 01 02 02 03 01 01 02 02 04 04 01 04 04 04 01 04 01 02
CHBCFC006	1	04 04 02 04 04 04 01 04 01 04 04 04 01 04 04 03 01 01 04 04 03 04 01 03 02 01 02 02 01 01 02 01 02 01 01 01 03 03 04 02 01 04 04 02 02 01 01 02 02 03 01 01 02 03 04 04 01 04 04 04 01 04 01 02
CHBCFC008	1	04 04 02 04 04 04 01 04 04 04 04 04 01 04 04 03 01 01 04 04 03 04 01 03 02 01 02 02 01 01 02 01 02 01 01 01 03 03 04 01 01 04 04 02 02 01 01 02 02 03 01 01 02 02 04 04 01 04 04 04 01 02 01 02
CHBCFC008	1	04 04 02 04 04 04 01 04 04 04 04 04 01 04 04 03 01 01 04 04 03 04 01 03 02 01 02 03 01 01 02 01 02 03 01 01 03 03 04 02 01 04 04 02 02 01 01 02 02 03 04 01 02 03 04 04 01 04 04 04 01 04 01 02
CHBCFC009	1	04 04 02 04 04 04 01 04 04 01 04 04 01 04 04 03 01 01 04 04 03 04 01 03 02 01 02 02 01 01 02 01 02 01 01 01 03 03 03 02 01 04 04 02 02 01 01 02 02 03 01 01 02 03 04 04 01 04 04 04 01 04 01 02
CHBCFC009	1	04 04 02 04 04 04 01 04 04 04 04 04 01 04 04 03 01 01 04 04 03 04 01 03 02 01 02 03 01 01 02 01 02 01 01 01 03 03 04 02 01 04 04 02 02 01 01 02 02 03 01 01 02 03 04 04 01 04 04 04 01 04 01 02
CHBCFC010	1	04 04 02 04 04 04 01 04 04 04 04 04 01 04 04 03 01 01 04 04 03 02 01 03 02 01 02 02 01 01 02 01 02 01 01 01 03 03 04 02 01 04 04 02 02 01 01 02 02 03 01 01 02 02 04 04 01 04 04 04 01 04 01 02
CHBCFC010	1	04 04 02 04 04 04 01 04 04 04 04 04 01 04 04 03 01 01 04 04 03 04 01 03 02 01 02 02 01 01 02 01 02 01 01 01 03 03 04 02 01 04 04 02 02 01 01 02 02 03 04 01 02 03 04 04 01 04 04 04 01 04 01 02
CHBCFC012	1	04 04 02 04 04 04 01 04 01 01 04 04 01 04 04 03 01 01 04 04 03 04 01 03 02 01 02 02 01 01 02 01 02 01 01 01 03 03 03 02 01 04 04 02 02 01 01 02 02 03 01 01 02 02 04 04 01 04 04 04 01 02 01 02
CHBCFC012	1	04 04 02 04 04 04 01 04 01 04 04 04 01 04 04 03 01 01 04 04 03 04 01 03 02 01 02 03 01 01 02 01 02 03 01 01 03 03 03 02 01 04 04 02 02 01 01 02 02 03 01 01 02 03 04 04 01 04 04 04 01 04 01 02
CHBCFC013	1	04 04 02 04 04 04 01 04 04 01 04 04 01 04 04 03 01 01 04 04 03 04 01 03 02 01 02 03 01 01 02 01 02 01 01 01 03 03 03 02 01 04 04 02 02 01 01 02 02 03 01 01 02 03 04 04 01 04 04 04 01 04 01 02
CHBCFC013	1	04 04 02 04 04 04 01 04 04 04 04 04 01 04 04 03 01 01 04 04 03 04 01 03 02 01 02 03 01 01 02 01 02 01 01 01 03 03 04 02 01 04 04 02 02 01 03 02 02 03 01 01 02 03 04 04 01 04 04 04 01 04 01 02
CHBLCR001	1	04 04 02 04 04 04 01 04 04 01 04 04 01 04 04 03 01 01 04 04 03 04 01 03 02 01 02 03 01 01 02 01 02 01 01 01 03 03 03 02 01 04 04 02 02 01 01 02 02 03 01 01 02 02 04 04 01 04 04 04 01 04 01 02
CHBLCR001	1	04 04 02 04 04 04 01 04 04 01 04 04 01 04 04 03 01 01 04 04 03 04 01 03 02 01 02 03 01 01 02 01 02 01 01 01 03 03 04 02 01 04 04 02 02 01 01 02 02 03 01 01 02 03 04 04 01 04 04 04 01 04 01 02
CHBLCR002	1	04 04 02 04 04 04 01 04 04 01 04 04 01 04 04 03 01 01 04 04 03 04 01 03 02 01 02 02 01 01 02 01 02 01 01 01 03 03 04 02 01 04 04 02 02 01 01 02 02 03 01 01 02 02 04 04 01 04 04 04 01 04 01 02
CHBLCR002	1	04 04 02 04 04 04 01 04 04 04 04 04 01 04 04 03 01 01 04 04 03 04 01 03 02 01 02 03 01 01 02 01 02 01 01 02 03 03 04 02 01 04 04 02 02 01 01 02 02 03 01 01 02 03 04 04 01 04 04 04 01 04 01 02
CHBLCR003	1	04 04 02 04 04 04 01 04 04 01 04 04 01 04 04 03 01 01 04 04 03 04 01 03 02 01 02 03 01 01 02 01 02 01 01 01 03 03 04 02 01 04 04 02 02 01 01 02 02 03 01 01 02 02 04 04 01 04 04 04 01 04 01 02
CHBLCR003	1	04 04 02 04 04 04 01 04 04 04 04 04 01 04 04 03 01 01 04 04 03 04 01 03 02 01 02 03 01 01 02 01 02 01 01 01 03 03 04 02 01 04 04 02 02 01 01 02 02 03 01 01 02 03 04 04 01 04 04 04 01 04 01 02
CHBLCR005	1	04 04 02 04 04 04 01 04 04 04 04 04 01 04 04 03 01 01 04 04 03 04 01 03 02 01 02 02 01 01 02 01 02 01 01 01 03 03 04 02 01 04 04 02 02 01 01 02 02 03 01 01 02 02 04 04 01 04 04 04 01 04 01 02
CHBLCR005	1	04 04 02 04 04 04 01 04 04 04 04 04 01 04 04 03 01 01 04 04 03 04 01 03 02 01 02 03 01 01 02 01 02 01 01 01 03 03 04 02 01 04 04 02 02 01 01 02 02 03 01 01 02 03 04 04 01 04 04 04 01 04 01 02
CHBLCR008	1	04 04 02 04 04 04 01 04 04 01 04 02 01 04 04 03 01 01 04 04 03 04 01 03 02 01 02 03 01 01 02 01 02 01 01 01 03 02 04 02 01 04 04 02 02 01 01 02 02 03 01 01 02 03 04 04 01 04 04 04 01 04 01 02
CHBLCR008	1	04 04 02 04 04 04 01 04 04 04 04 04 01 04 04 03 01 01 04 04 03 04 01 03 02 01 02 03 01 01 02 01 02 01 01 01 03 03 04 02 01 04 04 02 02 01 01 02 02 03 01 01 02 03 04 04 01 04 04 04 01 04 01 02
CHBLCR009	1	04 04 02 04 04 04 01 04 04 04 04 04 01 04 04 03 01 01 04 04 03 04 01 03 02 01 02 03 01 01 02 01 02 01 01 01 03 03 04 02 01 04 04 02 02 01 01 02 02 03 01 01 02 02 04 04 01 04 04 04 01 04 01 02
CHBLCR009	1	04 04 02 04 04 04 01 04 04 04 04 04 01 04 04 03 01 01 04 04 03 04 01 03 02 01 02 03 01 01 02 01 02 01 01 02 03 03 04 02 01 04 04 02 02 01 01 02 02 03 01 01 02 03 04 04 01 04 04 04 01 04 01 02
CHBLCR011	1	04 04 02 04 04 04 01 04 01 01 04 04 01 04 04 03 01 01 04 04 03 02 01 03 02 01 02 02 01 01 02 01 02 01 01 01 03 03 03 02 01 04 04 02 02 01 01 02 02 03 01 01 02 02 04 04 01 04 04 04 01 04 01 02
CHBLCR011	1	04 04 02 04 04 04 01 04 01 04 04 04 01 04 04 03 01 01 04 04 03 04 01 03 02 01 02 03 01 01 02 01 02 01 01 01 03 03 04 02 01 04 04 02 02 01 01 02 02 03 01 01 02 03 04 04 01 04 04 04 01 04 01 02
CHBLCR012	1	04 04 02 04 04 04 01 04 01 01 04 04 01 04 04 03 01 01 04 04 03 02 01 03 02 01 02 03 01 01 02 01 02 01 01 01 03 03 03 02 01 04 04 02 02 01 01 02 02 03 01 01 02 02 04 04 01 04 04 04 01 04 01 02
CHBLCR012	1	04 04 02 04 04 04 01 04 01 01 04 04 01 04 04 03 01 01 04 04 03 04 01 03 02 01 02 03 01 01 02 01 02 01 01 01 03 03 03 02 01 04 04 02 02 01 01 02 02 03 04 01 02 03 04 04 01 04 04 04 01 04 01 02
CHBLCR015	1	04 04 02 04 04 04 01 04 04 04 04 04 01 04 04 03 01 01 04 04 03 02 01 03 02 01 02 02 01 01 02 01 02 01 01 01 03 03 04 02 01 04 04 02 02 01 01 02 02 03 01 01 02 02 04 04 01 04 04 04 01 04 01 02
CHBLCR015	1	04 04 02 04 04 04 01 04 04 04 04 04 01 04 04 03 01 01 04 04 03 04 01 03 02 01 02 03 01 01 02 01 02 01 01 01 03 03 04 02 01 04 04 02 02 01 01 02 02 03 01 01 02 03 04 04 01 04 04 04 01 04 01 02
CHBLCR016	1	04 04 02 04 04 04 01 04 04 04 04 04 01 04 04 03 01 01 04 04 03 02 01 03 02 01 02 03 01 01 02 01 02 01 01 01 03 03 03 02 01 04 04 02 02 01 01 02 02 03 01 01 02 02 04 04 01 04 04 04 01 04 01 02
CHBLCR016	1	04 04 02 04 04 04 01 04 04 04 04 04 01 04 04 03 01 01 04 04 03 04 01 03 04 01 02 03 01 01 02 01 02 01 01 01 03 03 04 02 01 04 04 02 02 01 01 02 02 03 01 01 02 03 04 04 01 04 04 04 01 04 01 02
CHBLCR018	1	04 04 02 04 04 04 01 04 04 01 04 04 01 04 04 03 01 01 04 04 03 02 01 03 02 01 02 03 01 01 02 01 02 01 01 01 03 03 04 02 01 04 04 02 02 01 01 02 02 03 01 01 02 02 04 04 01 04 04 04 01 04 01 02
CHBLCR018	1	04 04 02 04 04 04 01 04 04 04 04 04 01 04 04 03 01 01 04 04 03 04 01 03 02 01 02 03 01 01 02 03 02 01 01 02 03 03 04 02 01 04 04 02 02 01 01 02 02 03 01 01 02 03 04 04 01 04 04 04 01 04 01 02
CHBLCR019	1	04 04 02 04 04 04 01 04 01 01 04 04 01 04 04 03 01 01 04 04 03 04 01 03 02 01 02 02 01 01 02 01 02 01 01 01 03 03 03 02 01 02 04 02 02 01 01 02 02 03 01 01 02 03 04 04 01 04 04 04 01 02 01 02
CHBLCR019	1	04 04 02 04 04 04 01 04 01 01 04 04 01 04 04 03 01 01 04 04 03 04 01 03 02 01 02 03 01 01 02 01 02 01 01 01 03 03 04 02 01 04 04 02 02 01 01 02 02 03 01 01 02 03 04 04 01 04 04 04 01 04 01 02
LtCahabaS1_02	1	04 04 02 04 04 04 01 04 01 01 04 04 01 04 04 03 01 01 04 04 03 04 01 03 02 01 02 02 01 01 02 01 02 01 01 01 03 03 03 02 01 04 04 02 02 01 01 02 02 03 01 01 02 02 04 04 01 04 04 04 01 02 01 02
LtCahabaS1_02	1	04 04 02 04 04 04 01 04 01 01 04 04 01 04 04 03 01 01 04 04 03 04 01 03 02 01 02 02 01 01 02 01 02 01 01 02 03 03 04 02 01 04 04 02 02 01 01 02 02 03 04 01 02 03 04 04 01 04 04 04 01 04 01 02
LtCahabaS1_04	1	04 04 02 04 04 04 01 04 04 04 04 04 01 04 04 03 01 01 04 04 03 04 01 03 02 01 02 02 01 01 02 01 02 01 01 01 03 03 03 02 01 04 04 02 02 01 01 02 02 03 04 01 02 02 04 04 01 04 04 04 01 04 01 02
LtCahabaS1_04	1	04 04 02 04 04 04 01 04 04 04 04 04 01 04 04 03 01 01 04 04 03 04 01 03 02 01 02 02 01 01 02 01 02 01 01 01 03 03 03 02 01 04 04 02 02 01 01 02 02 03 04 01 02 03 04 04 01 04 04 04 01 04 01 02
LtCahabaS1_07	1	04 04 02 04 04 04 01 04 04 04 04 04 01 04 04 03 01 01 04 04 03 04 01 03 02 01 02 02 01 01 02 01 02 01 01 01 01 03 04 02 01 04 04 02 02 01 01 02 02 03 01 01 02 02 04 04 01 04 04 04 01 04 01 02
LtCahabaS1_07	1	04 04 02 04 04 04 01 04 04 04 04 04 01 04 04 03 01 01 04 04 03 04 01 03 02 01 02 03 03 01 02 01 02 01 01 01 03 03 04 02 01 04 04 02 02 01 01 02 02 03 01 01 02 03 04 04 01 04 04 04 01 04 01 02
LtCahabaS1_09	1	04 04 02 04 04 04 01 04 04 01 04 04 01 04 04 03 01 01 04 04 03 04 01 03 02 01 02 02 01 01 02 01 02 01 01 01 03 03 04 02 01 04 04 02 02 01 01 02 02 03 01 01 02 02 04 04 01 04 04 04 01 04 01 02
LtCahabaS1_09	1	04 04 02 04 04 04 01 04 04 04 04 04 01 04 04 03 01 01 04 04 03 04 01 03 02 01 02 02 01 01 02 01 02 01 01 01 03 03 04 02 01 04 04 02 02 01 01 02 02 03 01 01 02 03 04 04 01 04 04 04 01 04 01 02
REBigCan_S1_06	2	04 04 02 04 04 04 01 04 01 04 04 04 01 03 04 03 01 01 04 04 03 04 01 03 02 01 02 03 01 01 02 01 02 01 01 01 03 03 04 02 01 04 04 02 02 01 01 02 02 03 01 01 02 02 04 04 01 04 04 04 01 04 01 02
REBigCan_S1_06	2	04 04 02 04 04 04 01 04 01 04 04 04 01 03 04 03 01 01 04 04 03 04 01 03 02 01 02 03 01 01 02 01 02 01 01 01 03 03 04 02 01 04 04 02 02 01 01 02 02 03 01 01 02 03 04 04 01 04 04 04 01 04 01 02
REBigCan_S1_09	2	04 04 02 04 04 04 01 04 01 04 04 04 01 03 04 03 01 01 04 04 03 04 01 03 02 01 02 03 01 01 02 01 02 01 01 01 03 03 04 02 01 04 04 02 02 01 01 02 02 03 01 01 02 02 04 04 01 04 03 04 01 04 01 02
REBigCan_S1_09	2	04 04 02 04 04 04 01 04 01 04 04 04 01 03 04 03 01 01 04 04 03 04 01 03 02 01 02 03 01 01 02 01 02 01 01 01 03 03 04 02 01 04 04 02 02 01 01 02 02 03 01 01 02 03 04 04 01 04 03 04 01 04 01 02
REBigW_S1_03	2	04 04 02 04 04 04 01 04 01 04 04 04 01 03 04 03 01 01 04 04 03 04 01 03 02 01 02 03 01 01 02 01 02 01 01 01 03 03 04 02 01 04 04 02 02 01 01 02 02 03 01 01 02 02 04 04 01 04 04 04 01 04 01 02
REBigW_S1_03	2	04 04 02 04 04 04 01 04 01 04 04 04 01 03 04 03 01 01 04 04 03 04 01 03 02 01 02 03 01 01 02 01 02 01 01 01 03 03 04 02 01 04 04 02 02 01 01 02 02 03 01 01 02 03 04 04 01 04 04 04 01 04 01 02
REChoc_S1_04	2	04 04 02 04 04 04 01 04 01 04 04 04 01 03 04 03 01 01 04 04 03 04 01 03 02 01 02 03 01 01 02 01 02 01 01 01 03 03 04 02 01 04 04 02 02 01 01 02 02 03 01 01 02 02 04 04 01 04 03 04 01 04 01 02
REChoc_S1_04	2	04 04 02 04 04 04 01 04 01 04 04 04 01 03 04 03 01 01 04 04 03 04 01 03 02 01 02 03 01 01 02 01 02 01 01 01 03 03 04 02 01 04 04 02 02 01 01 02 02 03 01 01 02 03 04 04 01 04 03 04 01 04 01 02
REChoc_S1_13	2	04 04 02 04 04 04 01 04 01 04 04 04 01 03 04 03 01 01 04 04 03 04 01 03 02 01 02 03 01 01 02 01 02 01 01 01 03 03 04 02 01 04 04 02 02 01 01 02 02 03 01 01 02 02 04 04 01 04 03 04 01 04 01 02
REChoc_S1_13	2	04 04 02 04 04 04 01 04 01 04 04 04 01 03 04 03 01 01 04 04 03 04 01 03 02 01 02 03 01 01 02 01 02 01 01 01 03 03 04 02 01 04 04 02 02 01 01 02 02 03 01 01 02 03 04 04 03 04 03 04 01 04 01 02
REHat_S2_13	2	04 04 02 04 04 04 01 04 01 04 04 04 01 03 04 03 01 01 04 04 03 04 01 03 02 01 02 03 01 01 02 01 02 01 01 01 03 03 04 02 01 04 04 02 02 01 01 02 02 03 01 01 02 02 04 04 03 04 04 04 01 04 01 02
REHat_S2_13	2	04 04 02 04 04 04 01 04 01 04 04 04 01 03 04 03 01 01 04 04 03 04 01 03 02 01 02 03 01 01 02 01 02 01 01 01 03 03 04 02 01 04 04 02 02 01 01 02 02 03 01 01 02 03 04 04 03 04 04 04 01 04 01 02
REL_Can_S1_02	2	04 04 02 04 04 04 01 04 01 04 04 04 01 03 04 03 01 01 04 04 03 04 01 03 02 01 02 03 01 01 02 01 02 01 01 01 03 03 04 02 01 04 04 02 02 01 01 02 02 03 01 01 02 02 04 04 01 04 03 04 01 04 01 02
REL_Can_S1_02	2	04 04 02 04 04 04 01 04 01 04 04 04 01 03 04 03 01 01 04 04 03 04 01 03 02 01 02 03 01 01 02 01 02 01 01 01 03 03 04 02 01 04 04 02 02 01 01 02 02 03 01 01 02 03 04 04 01 04 04 04 01 04 01 02
REL_Can_S1_03	2	04 04 02 04 04 04 01 04 01 04 04 04 01 03 04 03 01 01 04 04 03 04 01 03 02 01 02 03 01 01 02 01 02 01 01 01 03 03 04 02 01 04 04 02 02 01 01 02 02 03 01 01 02 02 04 04 01 04 04 04 01 04 01 02
REL_Can_S1_03	2	04 04 02 04 04 04 01 04 01 04 04 04 01 03 04 03 01 01 04 04 03 04 01 03 02 01 02 03 01 01 02 01 02 01 01 01 03 03 04 02 01 04 04 02 02 01 01 02 02 03 01 01 02 03 04 04 01 04 04 04 01 04 01 02
REL_Can_S1_04	2	04 04 02 04 04 04 01 04 01 04 04 04 01 03 04 03 01 01 04 04 03 04 01 03 02 01 02 03 01 01 02 01 02 01 01 01 03 03 04 02 01 04 04 02 02 01 01 02 02 03 01 01 02 02 04 04 01 04 04 04 01 04 01 02
REL_Can_S1_04	2	04 04 02 04 04 04 01 04 01 04 04 04 01 03 04 03 01 01 04 04 03 04 01 03 02 01 02 03 01 01 02 01 02 01 01 01 03 03 04 02 01 04 04 02 02 01 01 02 02 03 01 01 02 03 04 04 01 04 04 04 01 04 01 02
RETerra_S1_01	2	04 04 02 04 04 04 01 04 01 04 04 04 01 03 04 03 01 01 04 04 03 04 01 03 02 01 02 03 01 01 02 01 02 01 01 01 03 03 04 02 01 04 04 02 02 01 01 02 02 03 01 01 02 02 04 04 01 04 03 04 01 04 01 02
RETerra_S1_01	2	04 04 02 04 04 04 01 04 01 04 04 04 01 03 04 03 01 01 04 04 03 04 01 03 02 01 02 03 01 01 02 01 02 01 01 01 03 03 04 02 01 04 04 02 02 01 01 02 02 03 01 01 02 03 04 04 01 04 03 04 01 04 01 02
RETerra_S1_02	2	04 04 02 04 04 04 01 04 01 04 04 04 01 03 04 03 01 01 04 04 03 04 01 03 02 01 02 03 01 01 02 01 02 01 01 01 03 03 04 02 01 04 04 02 02 01 01 02 02 03 01 01 02 02 04 04 01 04 04 04 01 04 01 02
RETerra_S1_02	2	04 04 02 04 04 04 01 04 01 04 04 04 01 03 04 03 01 01 04 04 03 04 01 03 02 01 02 03 01 01 02 01 02 01 01 01 03 03 04 02 01 04 04 02 02 01 01 02 02 03 01 01 02 03 04 04 01 04 04 04 01 04 01 02
REWal_S1_03	2	04 04 02 04 04 04 01 04 01 04 04 04 01 03 04 03 01 01 04 04 03 04 01 03 02 01 02 03 01 01 02 01 02 01 01 01 03 03 04 02 01 04 04 02 02 01 01 02 02 03 01 01 02 02 04 04 01 04 03 04 01 04 01 02
REWal_S1_03	2	04 04 02 04 04 04 01 04 01 04 04 04 01 03 04 03 01 01 04 04 03 04 01 03 02 01 02 03 01 01 02 01 02 01 01 01 03 03 04 02 01 04 04 02 02 01 01 02 02 03 01 01 02 03 04 04 01 04 04 04 01 04 01 02
REBigCan_S1_01	2	04 04 02 04 04 04 01 04 01 01 04 04 01 03 04 03 01 01 04 04 03 04 01 03 02 01 02 03 01 01 02 01 02 01 01 01 03 03 04 02 01 04 04 02 02 01 01 02 02 03 01 01 02 02 04 04 01 04 03 04 01 04 01 02
REBigCan_S1_01	2	04 04 02 04 04 04 01 04 01 04 04 04 01 03 04 03 01 01 04 04 03 04 01 03 02 01 02 03 01 01 02 01 02 01 01 01 03 03 04 02 01 04 04 02 02 01 01 02 02 03 01 01 02 03 04 04 01 04 04 04 01 04 01 02
REBigCan_S1_02	2	04 04 02 04 04 04 01 04 01 01 04 04 01 03 04 03 01 01 04 04 03 04 01 03 02 01 02 03 01 01 02 01 02 01 01 01 03 03 04 02 01 04 04 02 02 01 01 02 02 03 01 01 02 02 04 04 01 04 04 04 01 04 01 02
REBigCan_S1_02	2	04 04 02 04 04 04 01 04 01 04 04 04 01 03 04 03 01 01 04 04 03 04 01 03 02 01 02 03 01 01 02 01 02 01 01 02 03 03 04 02 01 04 04 02 02 01 01 02 02 03 01 01 02 03 04 04 01 04 04 04 01 04 01 02
REBigCan_S1_03	2	04 04 02 02 04 04 01 04 01 04 04 04 01 03 04 03 01 01 04 04 03 04 01 03 02 01 02 03 01 01 02 01 02 01 01 01 03 03 04 02 01 04 04 02 02 01 01 02 02 03 01 01 02 02 04 04 01 04 04 04 01 04 01 02
REBigCan_S1_03	2	04 04 02 04 04 04 01 04 01 04 04 04 01 03 04 03 01 01 04 04 03 04 01 03 02 01 02 03 01 01 02 01 02 01 01 02 03 03 04 02 01 04 04 02 02 01 01 02 02 03 01 01 02 03 04 04 03 04 04 04 01 04 01 02
REBigCan_S1_07	2	04 04 02 02 04 04 01 04 01 01 04 04 01 03 04 03 01 01 04 04 03 04 01 03 02 01 02 03 01 01 02 01 02 01 01 01 03 03 04 02 01 04 04 02 02 01 01 02 02 03 01 01 02 02 04 04 01 04 03 04 01 04 01 02
REBigCan_S1_07	2	04 04 02 04 04 04 01 04 01 04 04 04 01 03 04 03 01 01 04 04 03 04 01 03 02 01 02 03 01 01 02 01 02 01 01 01 03 03 04 02 01 04 04 02 02 01 01 02 02 03 01 01 02 03 04 04 01 04 04 04 01 04 01 02
REBigCan_S1_08	2	04 04 02 04 04 04 01 04 01 01 04 04 01 03 04 03 01 01 04 04 03 04 01 03 02 01 02 03 01 01 02 01 02 01 01 01 03 03 04 02 01 04 04 02 02 01 01 02 02 03 01 01 02 02 04 04 01 04 03 04 01 04 01 02
REBigCan_S1_08	2	04 04 02 04 04 04 01 04 01 04 04 04 01 03 04 03 01 01 04 04 03 04 01 03 02 01 02 03 01 01 02 01 02 01 01 01 03 03 04 02 01 04 04 02 02 01 01 02 02 03 01 01 02 03 04 04 01 04 04 04 01 04 01 02
REBigW_S1_02	2	04 04 02 04 04 04 01 04 01 04 04 04 01 03 04 03 01 01 04 04 03 04 01 03 02 01 02 03 01 01 02 01 02 01 01 01 03 03 04 02 01 04 04 02 02 01 01 02 02 03 01 01 02 02 04 04 01 04 03 04 01 04 01 02
REBigW_S1_02	2	04 04 02 04 04 04 01 04 01 04 04 04 01 03 04 03 01 01 04 04 03 04 01 03 02 01 02 03 01 01 02 01 02 01 01 02 03 03 04 02 01 04 04 02 02 01 01 02 02 03 01 01 02 03 04 04 01 04 04 04 01 04 01 02
REBigW_S1_06	2	04 04 02 02 04 04 01 04 01 04 04 04 01 03 04 03 01 01 04 04 03 04 01 03 02 01 02 03 01 01 02 01 02 01 01 01 03 03 04 02 01 04 04 02 02 01 01 02 02 03 01 01 02 02 04 04 01 04 04 04 01 04 01 02
REBigW_S1_06	2	04 04 02 04 04 04 01 04 01 04 04 04 01 03 04 03 01 01 04 04 03 04 01 03 02 01 02 03 01 01 02 01 02 01 01 02 03 03 04 02 01 04 04 02 02 01 01 02 02 03 01 01 02 03 04 04 01 04 04 04 01 04 01 02
REBigW_S1_07	2	04 04 02 02 04 04 01 04 01 04 04 04 01 03 04 03 01 01 04 04 03 04 01 03 02 01 02 03 01 01 02 01 02 01 01 01 03 03 04 02 01 04 04 02 02 01 01 02 02 03 01 01 02 02 04 04 01 04 04 04 01 04 01 02
REBigW_S1_07	2	04 04 02 04 04 04 01 04 01 04 04 04 01 03 04 03 01 01 04 04 03 04 01 03 02 01 02 03 01 01 02 01 02 01 01 02 03 03 04 02 01 04 04 02 02 01 01 02 02 03 01 01 02 03 04 04 01 04 04 04 01 04 01 02
REBigW_S1_09	2	04 04 02 02 04 04 01 04 01 04 04 04 01 03 04 03 01 01 04 04 03 04 01 03 02 01 02 03 01 01 02 01 02 01 01 01 03 03 04 02 01 04 04 02 02 01 01 02 02 03 01 01 02 02 04 04 01 04 04 04 01 04 01 02
REBigW_S1_09	2	04 04 02 04 04 04 01 04 01 04 04 04 01 03 04 03 01 01 04 04 03 04 01 03 02 01 02 03 01 01 02 01 02 01 01 01 03 03 04 02 01 04 04 02 02 01 01 02 02 03 01 01 02 03 04 04 01 04 04 04 01 04 01 02
REChoc_S1_01	2	04 04 02 02 04 04 01 04 01 04 04 04 01 03 04 03 01 01 04 04 03 04 01 03 02 01 02 03 01 01 02 01 02 01 01 01 03 03 04 02 01 04 04 02 02 01 01 02 02 03 01 01 02 02 04 04 01 04 03 04 01 04 01 02
REChoc_S1_01	2	04 04 02 04 04 04 01 04 01 04 04 04 01 03 04 03 01 01 04 04 03 04 01 03 02 01 02 03 01 01 02 01 02 01 01 01 03 03 04 02 01 04 04 02 02 01 01 02 02 03 01 01 02 03 04 04 01 04 03 04 01 04 01 02
REChoc_S1_07	2	04 04 02 02 04 04 01 04 01 04 04 04 01 03 04 03 01 01 04 04 03 04 01 03 02 01 02 03 01 01 02 01 02 01 01 01 03 03 04 02 01 04 04 02 02 01 01 02 02 03 01 01 02 02 04 04 01 04 03 04 01 04 01 02
REChoc_S1_07	2	04 04 02 04 04 04 01 04 01 04 04 04 01 03 04 03 01 01 04 04 03 04 01 03 02 01 02 03 01 01 02 01 02 01 01 01 03 03 04 02 01 04 04 02 02 01 01 02 02 03 01 01 02 03 04 04 01 04 03 04 01 04 01 02
REChoc_S1_09	2	04 04 02 02 04 04 01 04 01 04 04 04 01 03 04 03 01 01 04 04 03 04 01 03 02 01 02 03 01 01 02 01 02 01 01 01 03 03 04 02 01 04 04 02 02 01 01 02 02 03 01 01 02 02 04 04 01 04 03 04 01 04 01 02
REChoc_S1_09	2	04 04 02 04 04 04 01 04 01 04 04 04 01 03 04 03 01 01 04 04 03 04 01 03 02 01 02 03 01 01 02 01 02 01 01 01 03 03 04 02 01 04 04 02 02 01 01 02 02 03 01 01 02 03 04 04 03 04 03 04 01 04 01 02
REHat_S2_11	2	04 04 02 02 04 04 01 04 01 04 04 04 01 03 04 03 01 01 04 04 03 04 01 03 02 01 02 03 01 01 02 01 02 01 01 01 03 03 04 02 01 04 04 02 02 01 01 02 02 03 01 01 02 02 04 04 01 04 04 04 01 04 01 02
REHat_S2_11	2	04 04 02 04 04 04 01 04 01 04 04 04 01 03 04 03 01 01 04 04 03 04 01 03 02 01 02 03 01 01 02 01 02 01 01 01 03 03 04 02 01 04 04 02 02 01 01 02 02 03 01 01 02 03 04 04 03 04 04 04 01 04 01 02
REHat_S2_12	2	04 04 02 02 04 04 01 04 01 04 04 04 01 03 04 03 01 01 04 04 03 04 01 03 02 01 02 03 01 01 02 01 02 01 01 01 03 03 04 02 01 04 04 02 02 01 01 02 02 03 01 01 02 02 04 04 01 04 04 04 01 04 01 02
REHat_S2_12	2	04 04 02 04 04 04 01 04 01 04 04 04 01 03 04 03 01 01 04 04 03 04 01 03 02 01 02 03 01 01 02 01 02 01 01 02 03 03 04 02 01 04 04 02 02 01 01 02 02 03 01 01 02 03 04 04 03 04 04 04 01 04 01 02
REHat_S2_14	2	04 04 02 02 04 04 01 04 01 04 04 04 01 03 04 03 01 01 04 04 03 04 01 03 02 01 02 03 01 01 02 01 02 01 01 01 03 03 04 02 01 04 04 02 02 01 01 02 02 03 01 01 02 02 04 04 01 04 03 04 01 04 01 02
REHat_S2_14	2	04 04 02 04 04 04 01 04 01 04 04 04 01 03 04 03 01 01 04 04 03 04 01 03 02 01 02 03 01 01 02 01 02 01 01 01 03 03 04 02 01 04 04 02 02 01 01 02 02 03 01 01 02 03 04 04 01 04 04 04 01 04 01 02
REHat_S2_15	2	04 04 02 04 04 04 01 04 01 04 04 04 01 03 04 03 01 01 04 04 03 04 01 03 -9 01 02 03 01 01 02 01 02 01 01 01 03 03 04 02 01 04 04 02 02 01 01 02 02 03 01 01 02 02 04 04 03 04 03 04 01 04 01 02
REHat_S2_15	2	04 04 02 04 04 04 01 04 01 04 04 04 01 03 04 03 01 01 04 04 03 04 01 03 -9 01 02 03 01 01 02 01 02 01 01 02 03 03 04 02 01 04 04 02 02 01 01 02 02 03 01 01 02 03 04 04 03 04 04 04 01 04 01 02
REL_Can_S1_05	2	04 04 02 04 04 04 01 04 01 01 04 04 01 03 04 03 01 01 04 04 03 04 01 03 02 01 02 03 01 01 02 01 02 01 01 01 03 03 04 02 01 04 04 02 02 01 01 02 02 03 01 01 02 02 04 04 01 04 03 04 01 04 01 02
REL_Can_S1_05	2	04 04 02 04 04 04 01 04 01 04 04 04 01 03 04 03 01 01 04 04 03 04 01 03 04 01 02 03 01 01 02 01 02 01 01 01 03 03 04 02 01 04 04 02 02 01 01 02 02 03 01 01 02 03 04 04 01 04 04 04 01 04 01 02
REL_Can_S1_06	2	04 04 02 04 04 04 01 04 01 04 04 04 01 03 04 03 01 01 04 04 03 04 01 03 02 01 02 03 01 01 02 01 02 01 01 01 03 03 04 02 01 04 04 02 02 01 01 02 02 03 01 01 02 02 04 04 01 04 03 04 01 04 01 02
REL_Can_S1_06	2	04 04 02 04 04 04 01 04 01 04 04 04 01 03 04 03 01 01 04 04 03 04 01 03 04 01 02 03 01 01 02 01 02 01 01 01 03 03 04 02 01 04 04 02 02 01 01 02 02 03 01 01 02 03 04 04 01 04 03 04 01 04 01 02
REL_Can_S1_07	2	04 04 02 04 04 04 01 04 01 04 04 04 01 03 04 03 01 01 04 04 03 04 01 03 02 01 02 03 01 01 02 01 02 01 01 01 03 03 04 02 01 04 04 02 02 01 01 02 02 03 01 01 02 02 04 04 01 04 03 04 01 04 01 02
REL_Can_S1_07	2	04 04 02 04 04 04 01 04 01 04 04 04 01 03 04 03 01 01 04 04 03 04 01 03 04 01 02 03 01 01 02 01 02 01 01 01 03 03 04 02 01 04 04 02 02 01 01 02 02 03 01 01 02 03 04 04 01 04 03 04 01 04 01 02
REL_Can_S1_08	2	04 04 02 04 04 04 01 04 01 04 04 04 01 03 04 03 01 01 04 04 03 04 01 03 02 01 02 03 01 01 02 01 02 01 01 01 03 03 04 02 01 04 04 02 02 01 01 02 02 03 01 01 02 02 04 04 01 04 03 04 01 04 01 02
REL_Can_S1_08	2	04 04 02 04 04 04 01 04 01 04 04 04 01 03 04 03 01 01 04 04 03 04 01 03 04 01 02 03 01 01 02 01 02 01 01 01 03 03 04 02 01 04 04 02 02 01 01 02 02 03 01 01 02 03 04 04 01 04 04 04 01 04 01 02
RELitW_S3_01	2	04 04 02 04 04 04 01 04 01 04 04 04 01 03 04 03 01 01 04 04 03 04 01 03 02 01 02 03 01 01 02 01 02 01 01 01 03 03 04 02 01 04 04 02 02 01 01 02 02 03 01 01 02 02 04 04 01 04 04 04 01 04 01 02
RELitW_S3_01	2	04 04 02 04 04 04 01 04 01 04 04 04 01 03 04 03 01 01 04 04 03 04 01 03 02 01 02 03 01 01 02 01 02 01 01 02 03 03 04 02 01 04 04 02 02 01 01 02 02 03 01 01 02 03 04 04 01 04 04 04 01 04 01 02
RELitW_S3_06	2	04 04 02 04 04 04 01 04 01 01 04 04 01 03 04 03 01 01 04 04 03 04 01 03 02 01 02 03 01 01 02 01 02 01 01 01 03 03 04 02 01 04 04 02 02 01 01 02 02 03 01 01 02 02 04 04 03 04 04 04 01 04 01 02
RELitW_S3_06	2	04 04 02 04 04 04 01 04 01 04 04 04 01 03 04 03 01 01 04 04 03 04 01 03 02 01 02 03 01 01 02 01 02 01 01 02 03 03 04 02 01 04 04 02 02 01 01 02 02 03 01 01 02 03 04 04 03 04 04 04 01 04 01 02
RETerra_S1_04	2	04 04 02 02 04 04 01 04 01 04 04 04 01 03 04 03 01 01 04 04 03 04 01 03 02 01 02 03 01 01 02 01 02 01 01 01 03 03 04 02 01 04 04 02 02 01 01 02 02 03 01 01 02 02 04 04 01 04 04 04 01 04 01 02
RETerra_S1_04	2	04 04 02 04 04 04 01 04 01 04 04 04 01 03 04 03 01 01 04 04 03 04 01 03 02 01 02 03 01 01 02 01 02 01 01 01 03 03 04 02 01 04 04 02 02 01 01 02 02 03 01 01 02 03 04 04 03 04 04 04 01 04 01 02
RETerra_S1_05	2	04 04 02 04 04 04 01 04 01 04 04 04 01 03 04 03 01 01 04 04 03 04 01 03 02 01 02 03 01 01 02 01 02 01 01 01 03 03 04 02 01 04 04 02 02 01 01 02 02 03 01 01 02 02 04 04 01 04 03 04 01 04 01 02
RETerra_S1_05	2	04 04 02 04 04 04 01 04 01 04 04 04 01 03 04 03 01 01 04 04 03 04 01 03 02 03 02 03 01 01 02 01 02 01 01 01 03 03 04 02 01 04 04 02 02 01 01 02 02 03 01 01 02 03 04 04 01 04 04 04 01 04 01 02
RETerra_S1_09	2	04 04 02 04 04 04 01 04 01 04 04 04 01 03 04 03 01 01 04 04 03 04 01 03 02 01 02 03 01 01 02 01 02 01 01 01 03 03 04 02 01 04 04 02 02 01 01 02 02 03 01 01 02 02 04 04 01 04 03 04 01 04 01 02
RETerra_S1_09	2	04 04 02 04 04 04 01 04 01 04 04 04 01 03 04 03 01 01 04 04 03 04 01 03 04 01 02 03 01 01 02 01 02 01 01 01 03 03 04 02 01 04 04 02 02 01 01 02 02 03 01 01 02 03 04 04 01 04 04 04 01 04 01 02
REWal_S1_04	2	04 04 02 04 04 04 01 04 01 04 04 04 01 03 04 03 01 01 04 04 03 04 01 03 02 01 02 03 01 01 02 01 02 01 01 01 03 03 04 02 01 04 04 02 02 01 01 02 02 03 01 01 02 02 04 04 03 04 04 04 01 04 01 02
REWal_S1_04	2	04 04 02 04 04 04 01 04 01 04 04 04 01 03 04 03 01 01 04 04 03 04 01 03 02 01 02 03 01 01 02 01 02 01 01 01 03 03 04 02 01 04 04 02 02 01 01 02 02 03 01 01 02 03 04 04 03 04 04 04 01 04 01 02
REWal_S1_07	2	04 04 02 02 04 04 01 04 01 04 04 04 01 03 04 03 01 01 04 04 03 04 01 03 02 01 02 03 01 01 02 01 02 01 01 01 03 03 04 02 01 04 04 02 02 01 01 02 02 03 01 01 02 02 04 04 01 04 04 04 01 04 01 02
REWal_S1_07	2	04 04 02 02 04 04 01 04 01 04 04 04 01 03 04 03 01 01 04 04 03 04 01 03 02 01 02 03 01 01 02 01 02 01 01 01 03 03 04 02 01 04 04 02 02 01 01 02 02 03 01 01 02 03 04 04 01 04 04 04 01 04 01 02
REWal_S1_08	2	04 04 02 02 04 04 01 04 01 04 04 04 01 03 04 03 01 01 04 04 03 04 01 03 02 01 02 03 01 01 02 01 02 01 01 01 03 03 04 02 01 04 04 02 02 01 01 02 02 03 01 01 02 02 04 04 01 04 04 04 01 04 01 02
REWal_S1_08	2	04 04 02 04 04 04 01 04 01 04 04 04 01 03 04 03 01 01 04 04 03 04 01 03 02 01 02 03 01 01 02 01 02 01 01 01 03 03 04 02 01 04 04 02 02 01 01 02 02 03 01 01 02 03 04 04 01 04 04 04 01 04 01 02
REBigW_S1_04	2	04 04 02 04 04 04 01 04 01 04 04 04 01 03 04 03 01 01 04 04 03 04 01 03 02 01 02 03 01 01 02 01 02 01 01 01 03 03 04 02 01 04 04 02 02 01 01 02 02 03 01 01 02 02 04 04 01 04 04 04 01 04 01 02
REBigW_S1_04	2	04 04 02 04 04 04 01 04 01 04 04 04 01 03 04 03 01 01 04 04 03 04 01 03 02 01 04 03 01 01 02 01 02 01 01 02 03 03 04 02 01 04 04 02 02 01 01 02 02 03 01 01 02 03 04 04 01 04 04 04 01 04 01 02
REChoc_S1_08	2	04 04 02 04 04 04 01 04 01 04 04 04 01 03 04 03 01 01 04 04 03 04 01 03 02 01 02 03 01 01 02 01 02 01 01 01 03 03 04 02 01 04 04 02 02 01 01 02 02 03 01 01 02 02 04 04 01 04 03 04 01 04 01 02
REChoc_S1_08	2	04 04 02 04 04 04 01 04 01 04 04 04 01 03 04 03 01 01 04 04 03 04 01 03 02 01 02 03 01 01 02 01 02 01 01 01 03 03 04 02 01 04 04 02 04 01 01 02 02 03 01 01 02 03 04 04 01 04 04 04 01 04 01 02
REHat_S2_09	2	04 04 02 04 04 04 01 04 01 04 04 04 01 03 04 03 01 01 04 04 03 04 01 03 02 01 02 03 01 01 02 01 02 01 01 01 03 03 04 02 01 04 04 02 02 01 01 02 02 03 01 01 02 02 04 04 01 04 03 04 01 04 01 02
REHat_S2_09	2	04 04 02 04 04 04 01 04 01 04 04 04 01 03 04 03 01 01 04 04 03 04 01 03 02 01 02 03 01 01 02 03 02 01 01 01 03 03 04 02 01 04 04 02 02 01 01 02 02 03 01 01 02 03 04 04 01 04 04 04 01 04 01 02
RELitW_S3_04	2	04 04 02 04 04 04 01 04 01 04 04 04 01 03 04 03 01 01 04 04 03 04 01 03 02 01 02 03 01 01 02 01 02 01 01 01 03 03 04 02 01 04 04 02 02 01 01 02 02 03 01 01 02 02 04 04 03 04 03 04 01 04 01 02
RELitW_S3_04	2	04 04 02 04 04 04 01 04 04 04 04 04 01 03 04 03 01 01 04 04 03 04 01 03 02 01 02 03 01 01 02 01 02 01 01 01 03 03 04 02 01 04 04 02 02 01 01 02 02 03 01 01 02 03 04 04 03 04 04 04 01 04 01 02
RELitW_S3_07	2	04 04 02 02 04 04 01 04 01 01 04 04 01 03 04 03 01 01 04 04 03 04 01 03 02 01 02 03 01 01 02 01 02 01 01 01 03 03 04 02 01 04 04 02 02 01 01 02 02 03 01 01 02 02 04 04 01 04 03 04 01 04 01 02
RELitW_S3_07	2	04 04 02 04 04 04 01 04 01 01 04 04 01 03 04 03 01 01 04 04 03 04 01 03 02 01 02 03 01 01 02 01 02 01 01 02 03 03 04 02 01 04 04 02 02 01 01 02 02 03 01 01 02 03 04 04 03 04 04 04 01 04 01 02
RELR_S1_03	2	04 04 02 04 04 04 01 04 01 04 04 04 01 03 04 03 01 01 04 04 03 04 03 03 02 01 02 03 01 01 02 01 02 01 01 01 03 03 04 02 01 04 04 02 02 01 01 02 02 03 01 01 02 02 04 -9 01 04 04 04 01 04 01 02
RELR_S1_03	2	04 04 02 04 04 04 01 04 01 04 04 04 01 03 04 03 01 01 04 04 03 04 03 03 04 01 02 03 01 01 02 01 02 01 01 02 03 03 04 02 01 04 04 02 02 01 01 02 02 03 01 01 02 03 04 -9 01 04 04 04 01 04 01 02
REChoc_S1_12	2	04 04 02 04 04 04 01 04 01 04 04 04 01 03 04 03 01 01 04 04 03 04 01 03 02 01 02 03 01 01 02 01 02 01 01 01 03 03 04 02 01 04 04 02 02 01 01 02 02 03 01 01 02 02 04 04 01 04 03 04 01 04 01 02
REChoc_S1_12	2	04 04 02 04 04 04 01 04 01 04 04 04 01 03 04 03 01 01 04 04 03 04 01 03 02 01 02 03 01 01 02 03 02 01 01 01 03 03 04 02 01 04 04 02 02 01 01 02 02 03 01 01 02 03 04 04 03 04 04 04 01 04 01 02
RETerra_S1_06	2	04 04 02 02 04 04 01 04 01 04 04 04 01 03 04 03 01 01 04 04 03 04 01 03 02 01 02 03 01 01 02 01 02 01 01 01 03 03 04 02 01 04 04 02 02 01 01 02 02 03 01 01 02 02 04 04 03 04 03 04 01 04 01 02
RETerra_S1_06	2	04 04 02 04 04 04 01 04 01 04 04 04 01 03 04 03 01 01 04 04 03 04 01 03 04 03 02 03 01 01 02 01 02 01 01 01 03 03 04 02 01 04 04 02 02 01 01 02 02 03 01 01 02 03 04 04 03 04 04 04 01 04 01 02
REWal_S1_05	2	03 04 02 04 04 04 01 04 01 04 04 04 01 03 04 03 01 01 04 04 03 04 01 03 02 01 02 03 01 01 02 01 02 01 01 01 03 03 04 02 01 04 04 02 02 01 01 02 02 03 01 01 02 02 04 04 01 04 03 04 01 04 01 02
REWal_S1_05	2	04 04 02 04 04 04 01 04 01 04 04 04 01 03 04 03 01 01 04 04 03 04 01 03 02 01 02 03 01 01 02 01 02 01 01 01 03 03 04 02 01 04 04 02 02 01 01 02 02 03 01 01 02 03 04 04 01 04 04 04 01 04 01 02
RETerra_S1_08	2	04 04 02 02 04 04 01 04 01 04 04 04 01 03 04 03 01 01 04 04 03 04 01 03 -9 01 02 03 01 01 02 01 02 01 01 01 03 03 04 02 01 04 04 02 02 01 01 02 02 03 01 01 02 02 04 04 01 04 03 04 01 04 01 02
RETerra_S1_08	2	04 04 02 04 04 04 01 04 01 04 04 04 01 03 04 03 01 01 04 04 03 04 01 03 -9 03 04 03 01 01 02 01 02 01 01 01 03 03 04 02 01 04 04 02 02 01 01 02 02 03 01 01 02 03 04 04 01 04 03 04 01 04 01 02
RETerra_S1_03	2	04 04 02 04 04 04 01 04 01 04 04 04 01 03 04 03 01 01 04 04 03 04 01 03 02 01 02 03 01 01 02 01 02 01 01 01 03 03 04 02 01 04 04 02 02 01 01 02 02 03 01 01 02 02 04 04 01 04 04 04 01 04 01 02
RETerra_S1_03	2	04 04 02 04 04 04 01 04 01 04 04 04 01 03 04 03 01 01 04 04 03 04 01 03 02 01 04 03 01 01 02 03 02 01 01 01 03 03 04 02 01 04 04 02 04 01 01 02 02 03 01 01 02 03 04 04 01 04 04 04 01 04 01 02
REL_Can_S1_01	2	04 04 02 04 04 04 01 04 01 04 04 04 01 03 04 03 01 01 04 04 03 04 01 03 02 01 02 03 01 01 02 01 02 01 01 01 01 03 04 02 01 04 04 02 02 01 01 02 02 03 01 01 02 02 04 04 01 04 03 04 01 04 01 02
REL_Can_S1_01	2	04 04 02 04 04 04 01 04 01 04 04 04 01 03 04 03 01 01 04 04 03 04 01 03 02 01 02 03 01 01 02 01 02 01 01 01 03 03 04 02 01 04 04 02 02 01 01 02 02 03 01 01 02 03 04 04 01 04 03 04 01 04 01 02
RELitW_S3_05	2	04 04 02 04 04 04 01 04 01 04 04 04 01 03 04 03 01 01 04 04 03 04 01 03 02 01 02 03 01 01 02 01 02 01 01 01 03 03 04 02 01 02 04 02 02 01 01 02 02 03 01 01 02 02 04 04 03 04 04 04 01 04 01 02
RELitW_S3_05	2	04 04 02 04 04 04 01 04 01 04 04 04 01 03 04 03 01 01 04 04 03 04 01 03 02 01 02 03 01 01 02 01 02 01 01 01 03 03 04 02 01 04 04 02 02 01 01 02 02 03 01 01 02 03 04 04 03 04 04 04 01 04 01 02
REHat_S2_10	2	04 04 02 04 04 04 01 04 01 04 04 02 01 03 04 03 01 01 04 04 03 04 01 03 02 01 02 03 01 01 02 01 02 01 01 01 01 03 04 02 01 04 04 02 02 01 01 02 02 03 01 01 02 02 04 04 01 04 03 04 01 04 01 02
REHat_S2_10	2	04 04 02 04 04 04 01 04 01 04 04 04 01 03 04 03 01 01 04 04 03 04 01 03 02 01 02 03 01 01 02 01 02 01 01 01 03 03 04 02 01 04 04 02 02 01 01 02 02 03 01 01 02 03 04 04 01 04 04 04 01 04 01 02
REEnita_S1_01	3	04 04 02 02 04 04 01 04 01 04 04 04 01 04 04 03 01 01 04 04 03 04 01 03 02 01 02 02 01 01 02 01 02 01 01 02 03 03 04 02 01 04 04 02 02 01 01 02 02 03 01 01 02 02 04 04 01 04 04 04 01 04 01 02
REEnita_S1_01	3	04 04 02 02 04 04 01 04 01 04 04 04 01 04 04 03 01 01 04 04 03 04 01 03 02 01 02 02 01 01 02 01 02 03 01 02 03 03 04 02 01 04 04 02 02 01 01 02 02 03 01 01 02 03 04 04 01 04 04 04 01 04 01 02
REEnita_S1_02	3	04 04 02 02 04 04 01 04 01 04 04 04 01 04 04 03 01 01 04 04 03 04 01 03 02 01 02 02 01 01 02 01 02 01 01 02 03 03 03 02 01 04 04 02 02 01 01 02 02 03 01 01 02 02 04 04 01 04 04 04 01 04 01 02
REEnita_S1_02	3	04 04 02 02 04 04 01 04 01 04 04 04 01 04 04 03 01 01 04 04 03 04 01 03 02 03 04 02 01 01 02 01 02 01 01 02 03 03 04 02 01 04 04 02 02 01 01 02 02 03 04 01 02 03 04 04 01 04 04 04 01 04 01 02
REEnita_S1_03	3	04 04 02 02 04 04 01 04 01 04 04 04 01 04 04 03 01 01 04 04 03 04 01 03 02 01 02 02 01 01 02 01 02 01 01 02 03 03 04 02 01 04 04 02 02 01 01 02 02 03 01 01 02 02 04 04 01 04 04 04 01 04 01 02
REEnita_S1_03	3	04 04 02 02 04 04 01 04 04 04 04 04 01 04 04 03 01 01 04 04 03 04 01 03 02 01 02 02 01 01 02 01 02 01 01 02 03 03 04 02 01 04 04 02 02 01 01 02 02 03 01 01 02 02 04 04 01 04 04 04 01 04 01 02
REEnita_S1_04	3	04 04 02 02 04 04 01 04 01 04 04 04 01 04 04 03 01 01 04 04 03 02 01 03 02 01 02 02 01 01 02 01 02 01 01 02 03 03 04 02 01 04 04 02 02 01 01 02 02 03 01 01 02 02 04 04 01 04 04 04 01 04 01 02
REEnita_S1_04	3	04 04 02 02 04 04 01 04 01 04 04 04 01 04 04 03 01 01 04 04 03 04 01 03 02 03 02 02 01 01 02 01 02 01 01 02 03 03 04 02 01 04 04 02 02 01 01 02 02 03 04 01 02 03 04 04 01 04 04 04 02 04 01 02
REEnita_S2_06	3	04 04 02 02 04 04 01 04 01 04 04 04 01 04 04 03 01 01 04 04 03 02 01 03 02 01 02 02 01 01 02 01 02 01 01 02 03 03 04 02 01 04 04 02 02 01 01 02 02 03 01 01 02 02 04 04 01 04 04 04 01 04 01 02
REEnita_S2_06	3	04 04 02 02 04 04 01 04 04 04 04 04 01 04 04 03 01 01 04 04 03 04 01 03 02 01 02 02 01 01 02 01 02 01 01 02 03 03 04 02 01 04 04 02 02 01 01 02 02 03 04 01 02 03 04 04 01 04 04 04 02 04 01 02
REEnita_S2_07	3	04 04 02 02 04 04 01 04 01 04 04 04 01 04 04 03 01 01 04 04 03 02 01 03 02 01 02 02 01 01 02 01 02 01 01 02 03 03 04 02 01 04 04 02 02 01 01 02 02 03 01 01 02 02 04 04 01 04 04 04 01 04 01 02
REEnita_S2_07	3	04 04 02 02 04 04 01 04 01 04 04 04 01 04 04 03 01 01 04 04 03 04 01 03 02 01 02 02 01 01 02 01 02 01 01 02 03 03 04 02 01 04 04 02 02 01 01 02 02 03 01 01 02 03 04 04 01 04 04 04 02 04 01 02
REHB_S1_01	3	04 04 02 02 04 04 01 04 01 04 04 04 01 04 04 03 01 01 04 04 03 04 01 03 02 01 02 02 01 01 02 01 02 01 01 02 03 03 04 02 01 04 04 02 02 01 01 02 02 03 01 01 02 02 04 04 01 04 04 04 01 04 01 02
REHB_S1_01	3	04 04 02 02 04 04 01 04 04 04 04 04 01 04 04 03 01 01 04 04 03 04 01 03 02 01 02 02 01 01 02 01 02 01 02 02 03 03 04 02 01 04 04 02 02 03 01 02 02 03 01 01 02 03 04 04 01 04 04 04 01 04 01 02
REHB_S1_03	3	04 04 02 02 02 04 01 04 01 04 04 04 01 04 04 03 01 01 04 04 03 02 01 03 02 01 02 02 01 01 02 01 02 01 01 02 03 03 04 02 01 04 04 02 02 01 01 02 02 03 01 01 02 02 04 04 01 04 04 04 01 04 01 02
REHB_S1_03	3	04 04 02 02 04 04 01 04 01 04 04 04 01 04 04 03 01 01 04 04 03 04 01 03 02 03 02 03 01 01 02 01 02 01 01 02 03 03 04 02 01 04 04 02 02 01 01 02 02 03 04 01 02 03 04 04 01 04 04 04 01 04 01 02
REHB_S1_06	3	04 04 02 02 04 04 01 04 01 04 04 04 01 04 04 03 01 01 04 04 03 02 01 03 02 01 02 02 01 01 02 01 02 01 01 02 03 03 04 02 01 04 04 02 02 01 01 02 02 03 04 01 02 02 04 04 01 04 04 04 01 04 01 02
REHB_S1_06	3	04 04 02 02 04 04 01 04 01 04 04 04 01 04 04 03 01 01 04 04 03 02 01 03 02 03 04 03 01 01 02 03 02 01 02 02 03 03 04 02 01 04 04 02 02 01 01 02 02 03 04 01 02 03 04 04 01 04 04 04 01 04 01 02
REHB_S1_09	3	04 04 02 02 04 04 01 04 01 04 04 04 01 04 04 03 01 01 04 04 03 02 01 03 02 01 02 02 01 01 02 01 02 01 01 02 03 03 04 02 01 04 04 02 02 01 01 02 02 03 01 01 02 02 04 04 01 04 04 04 01 04 01 02
REHB_S1_09	3	04 04 02 02 04 04 04 04 01 04 04 04 01 04 04 03 01 01 04 04 03 02 01 03 02 01 02 03 01 01 02 01 02 01 01 02 03 03 04 02 01 04 04 02 02 01 01 02 02 03 01 01 02 03 04 04 01 04 04 04 02 04 01 02
REMadi_S1_01	3	04 04 02 02 04 04 01 04 01 04 04 04 01 04 04 03 01 01 04 04 03 02 01 03 02 01 02 02 01 01 02 01 02 01 01 02 03 03 04 02 01 04 04 02 02 01 01 02 02 03 01 01 02 02 04 04 01 04 04 04 01 04 01 02
REMadi_S1_01	3	04 04 02 02 04 04 01 04 04 04 04 04 01 04 04 03 01 01 04 04 03 04 01 03 02 01 02 03 01 01 02 01 02 01 01 02 03 03 04 02 01 04 04 02 02 01 01 02 02 03 04 01 02 03 04 04 01 04 04 04 01 04 01 02
REMadi_S1_02	3	04 04 02 02 04 04 01 04 01 04 04 04 01 04 04 03 01 01 04 04 03 02 01 03 02 01 02 02 01 01 02 01 02 01 01 02 03 03 04 02 01 04 04 02 02 01 01 02 02 03 01 01 02 02 04 04 01 04 04 04 01 04 01 02
REMadi_S1_02	3	04 04 02 02 04 04 01 04 01 04 04 04 01 04 04 03 01 01 04 04 03 04 01 03 02 03 02 03 01 01 02 01 02 01 01 02 03 03 04 02 01 04 04 02 02 01 01 02 02 03 04 01 02 03 04 04 01 04 04 04 01 04 01 02
REMadi_S1_03	3	04 04 02 02 04 04 01 04 01 04 04 04 01 04 04 03 01 01 04 04 03 02 01 03 02 01 02 02 01 01 02 01 02 01 01 02 03 03 04 02 01 04 04 02 02 01 01 02 02 03 01 01 02 02 04 04 01 04 04 04 01 04 01 02
REMadi_S1_03	3	04 04 02 02 04 04 01 04 01 04 04 04 01 04 04 03 01 01 04 04 03 04 01 03 02 01 02 03 01 01 02 01 02 01 01 02 03 03 04 02 01 04 04 02 02 01 01 02 02 03 01 01 02 03 04 04 01 04 04 04 01 04 01 02
REMadi_S1_04	3	04 04 02 02 04 04 01 04 01 04 04 04 01 04 04 03 01 01 04 04 03 02 01 03 02 01 02 02 01 01 02 01 02 01 01 02 03 03 04 02 01 04 04 02 02 01 01 02 02 03 01 01 02 02 04 04 01 04 04 04 01 04 01 02
REMadi_S1_04	3	04 04 02 02 04 04 01 04 04 04 04 04 01 04 04 03 01 01 04 04 03 04 01 03 02 01 02 03 01 01 02 01 02 01 01 02 03 03 04 02 01 04 04 02 02 01 01 02 02 03 01 01 02 03 04 04 01 04 04 04 01 04 01 02
REMadi_S1_05	3	04 04 02 02 04 04 01 04 01 04 04 04 01 04 04 03 01 01 04 04 03 02 01 03 02 01 02 02 01 01 02 01 02 01 01 02 03 03 04 02 01 04 04 02 02 01 01 02 02 03 01 01 02 02 04 04 01 04 04 04 01 04 01 02
REMadi_S1_05	3	04 04 02 02 04 04 01 04 01 04 04 04 01 04 04 03 01 01 04 04 03 02 01 03 02 01 04 02 01 01 02 01 02 01 01 02 03 03 04 02 01 04 04 02 02 01 01 02 02 03 01 01 02 03 04 04 01 04 04 04 01 04 01 02
REMadi_S1_06	3	04 04 02 02 04 04 01 04 01 04 04 04 01 04 04 03 01 01 04 04 03 04 01 03 02 01 02 02 01 01 02 01 02 01 01 02 03 03 04 02 01 04 04 02 02 01 01 02 02 03 01 01 02 02 04 04 01 04 04 04 01 04 01 02
REMadi_S1_06	3	04 04 02 02 04 04 01 04 01 04 04 04 01 04 04 03 01 01 04 04 03 04 01 03 02 01 04 03 01 01 02 01 02 01 01 02 03 03 04 02 01 04 04 02 02 01 01 02 02 03 04 01 02 03 04 04 01 04 04 04 01 04 01 02
REMadi_S1_07	3	04 04 02 02 04 04 01 04 01 04 04 04 01 04 04 03 01 01 04 04 03 04 01 03 02 01 02 02 01 01 02 01 02 01 01 02 03 03 04 02 01 04 04 02 02 01 01 02 02 03 01 01 02 02 04 04 01 04 04 04 01 04 01 02
REMadi_S1_07	3	04 04 02 02 04 04 01 04 01 04 04 04 01 04 04 03 01 01 04 04 03 04 01 03 02 03 02 02 01 01 02 01 02 01 01 02 03 03 04 02 01 04 04 02 02 01 01 02 02 03 01 01 02 03 04 04 01 04 04 04 01 04 01 02
REMadi_S1_08	3	04 04 02 02 04 04 01 04 01 04 04 04 01 04 04 03 01 01 04 04 03 04 01 03 02 01 02 03 01 01 02 01 02 01 01 02 03 03 04 02 01 04 04 02 02 01 01 02 02 03 01 01 02 02 04 04 01 04 04 04 01 04 01 02
REMadi_S1_08	3	04 04 02 02 04 04 01 04 04 04 04 04 01 04 04 03 01 01 04 04 03 04 01 03 02 01 02 03 01 01 02 01 02 01 01 02 03 03 04 02 01 04 04 02 02 01 01 02 02 03 04 01 02 03 04 04 01 04 04 04 01 04 01 02
REMadi_S1_09	3	04 04 02 02 04 04 01 04 01 04 04 04 01 04 04 03 01 01 04 04 03 04 01 03 02 01 02 02 01 01 02 01 02 01 01 02 03 03 04 02 01 04 04 02 02 01 01 02 02 03 01 01 02 02 04 04 01 04 04 04 01 04 01 02
REMadi_S1_09	3	04 04 02 02 04 04 01 04 04 04 04 04 03 04 04 03 01 01 04 04 03 04 01 03 02 01 02 03 01 01 02 01 02 01 01 02 03 03 04 02 01 04 04 02 02 01 01 02 02 03 01 01 02 03 04 04 01 04 04 04 01 04 01 02
REMadi_S1_10	3	04 04 02 02 04 04 01 04 01 04 04 04 01 04 04 03 01 01 04 04 03 04 01 03 02 01 02 02 01 01 02 01 02 01 01 02 03 03 04 02 01 04 04 02 02 01 01 02 02 03 01 01 02 02 04 04 01 04 04 04 01 04 01 02
REMadi_S1_10	3	04 04 02 02 04 04 01 04 01 04 04 04 01 04 04 03 01 01 04 04 03 04 01 03 02 03 02 02 01 01 02 01 02 01 01 02 03 03 04 02 01 04 04 02 02 01 01 02 02 03 01 01 02 03 04 04 01 04 04 04 01 04 01 02
REPI_S1_02(2)	3	04 04 02 02 04 04 01 04 01 04 04 04 01 04 04 03 01 01 04 04 03 04 01 03 02 01 02 02 01 01 02 01 02 01 01 02 03 02 04 01 01 04 04 02 02 01 01 02 02 03 04 01 02 02 04 04 01 04 04 04 01 04 01 02
REPI_S1_02(2)	3	04 04 02 02 04 04 01 04 01 04 04 04 01 04 04 03 01 01 04 04 03 04 01 03 02 03 02 02 01 01 02 01 02 01 01 02 03 03 04 02 01 04 04 02 02 01 01 02 02 03 04 01 02 03 04 04 01 04 04 04 01 04 01 02
REPI_S1_04	3	04 04 02 02 04 04 01 04 04 04 04 04 01 04 04 03 01 01 04 04 03 02 01 03 02 01 02 03 01 01 02 01 02 01 01 02 03 03 04 02 01 04 04 02 02 01 01 02 02 03 01 01 02 02 04 04 01 04 04 04 01 04 01 02
REPI_S1_04	3	04 04 02 02 04 04 01 04 04 04 04 04 01 04 04 03 01 01 04 04 03 04 01 03 02 01 04 03 01 01 02 01 03 01 01 02 03 03 04 02 01 04 04 02 02 01 01 02 02 03 01 01 02 03 04 04 01 04 04 04 01 04 01 02
REPI_S1_05	3	04 04 02 02 04 04 01 04 01 04 04 04 01 04 04 03 01 01 04 04 03 02 01 03 02 01 02 02 01 01 02 01 02 01 01 02 03 03 04 02 01 04 04 02 02 01 01 02 02 03 01 01 02 02 04 04 01 04 04 04 01 04 01 02
REPI_S1_05	3	04 04 02 02 04 04 01 04 01 04 04 04 01 04 04 03 01 01 04 04 03 04 01 03 02 03 04 03 01 01 02 01 02 01 01 02 03 03 04 02 01 04 04 02 02 01 01 02 02 03 01 01 02 03 04 04 01 04 04 04 01 04 01 02
REPI_S1_06(2)	3	04 04 02 02 04 04 01 04 01 04 04 04 01 04 04 03 01 01 04 04 03 02 01 03 02 01 02 02 01 01 02 01 02 01 01 02 03 03 04 02 01 04 04 02 02 01 01 02 02 03 01 01 02 02 04 04 01 04 04 04 01 04 01 02
REPI_S1_06(2)	3	04 04 02 02 04 04 01 04 01 04 04 04 01 04 04 03 01 01 04 04 03 04 01 03 02 03 04 03 01 01 02 01 02 01 02 02 03 03 04 02 01 04 04 02 02 01 01 02 02 03 01 01 02 03 04 04 01 04 04 04 01 04 01 02
REShol_S1_02	3	04 04 02 02 02 04 01 04 01 04 04 04 01 04 04 03 01 01 04 04 03 02 01 03 02 01 02 02 01 01 02 01 02 01 01 02 03 03 04 02 01 04 04 02 02 01 01 02 02 03 01 01 02 02 04 04 01 04 04 04 01 04 01 02
REShol_S1_02	3	04 04 03 02 04 04 01 04 01 04 04 04 01 04 04 03 01 01 04 04 03 04 01 03 02 01 02 03 01 01 02 01 02 01 01 02 03 03 04 02 01 04 04 02 02 01 01 02 02 03 01 01 02 03 04 04 01 04 04 04 01 04 01 02
REShol_S1_04	3	04 04 02 02 04 04 01 04 01 04 04 04 01 04 04 03 01 01 04 04 03 02 01 03 02 01 02 02 01 01 02 01 02 01 01 02 03 03 04 02 01 04 04 02 02 01 01 02 02 03 01 01 02 02 04 04 01 04 04 04 01 04 01 02
REShol_S1_04	3	04 04 02 02 04 04 01 04 04 04 04 04 01 04 04 03 01 01 04 04 03 04 01 03 02 03 02 03 01 01 02 01 02 01 02 02 03 03 04 02 01 04 04 02 02 01 01 02 02 03 01 01 02 03 04 04 01 04 04 04 01 04 01 02
REShol_S1_06	3	04 04 02 02 04 04 01 04 01 04 04 04 01 04 04 03 01 01 04 04 03 04 01 03 02 01 02 02 01 01 02 01 02 01 01 02 03 03 04 02 01 04 04 02 02 01 01 02 02 03 01 01 02 02 04 04 01 04 04 04 01 04 01 02
REShol_S1_06	3	04 04 02 02 04 04 01 04 01 04 04 04 01 04 04 03 01 01 04 04 03 04 01 03 02 01 02 03 01 01 02 01 02 01 01 02 03 03 04 02 01 04 04 02 02 01 01 02 02 03 01 01 02 03 04 04 01 04 04 04 01 04 01 02
REShol_S2_02	3	04 04 02 02 04 04 01 04 04 04 04 04 01 04 04 03 01 01 04 04 03 04 01 03 02 01 02 02 01 01 02 01 02 01 01 02 03 03 04 02 01 04 04 02 02 01 01 02 02 03 01 01 02 02 04 04 01 04 04 04 01 04 01 02
REShol_S2_02	3	04 04 02 02 04 04 01 04 04 04 04 04 01 04 04 03 01 01 04 04 03 04 01 03 02 01 02 02 01 01 02 01 02 01 01 02 03 03 04 02 01 04 04 02 02 01 01 02 02 03 01 01 02 03 04 04 01 04 04 04 01 04 01 02
REShol_S2_03	3	04 04 02 02 04 04 01 04 01 04 04 04 01 04 04 03 01 01 04 04 03 04 01 03 02 01 02 02 01 01 02 01 02 01 01 02 03 03 04 02 01 04 04 02 02 01 01 02 02 03 01 01 02 02 04 04 01 04 04 04 01 04 01 02
REShol_S2_03	3	04 04 02 02 04 04 01 04 04 04 04 04 01 04 04 03 01 01 04 04 03 04 01 03 02 03 02 02 01 01 02 01 02 01 01 02 03 03 04 02 01 04 04 02 02 01 01 02 02 03 01 01 02 03 04 04 01 04 04 04 01 04 01 02
REShol_S2_04	3	04 04 02 02 04 04 01 04 01 04 04 04 01 04 04 03 01 01 04 04 03 04 01 03 02 01 02 02 01 01 02 01 02 01 01 02 03 03 04 02 01 04 04 02 02 01 01 02 02 03 04 01 02 02 04 04 01 04 04 04 01 04 01 02
REShol_S2_04	3	04 04 02 02 04 04 01 04 04 04 04 04 01 04 04 03 01 01 04 04 03 04 01 03 02 03 04 02 01 01 02 01 02 01 01 02 03 03 04 02 01 04 04 02 02 01 01 02 02 03 04 01 02 03 04 04 01 04 04 04 01 04 01 02
REShol_S2_05	3	04 04 02 02 04 04 01 04 01 04 04 04 01 04 04 03 01 01 04 04 03 02 01 03 02 01 02 02 01 01 02 01 02 01 01 02 03 03 04 02 01 04 04 02 02 01 01 02 02 03 01 01 02 02 04 04 01 04 04 04 01 04 01 02
REShol_S2_05	3	04 04 02 02 04 04 01 04 01 04 04 04 01 04 04 03 01 01 04 04 03 04 01 03 02 01 02 03 01 01 02 01 02 01 01 02 03 03 04 02 01 04 04 02 02 01 01 02 02 03 04 01 02 03 04 04 01 04 04 04 01 04 01 02
REShol_S2_06	3	04 04 02 02 04 04 01 04 01 04 04 04 01 04 04 03 01 01 04 04 03 04 01 03 02 01 02 02 01 01 02 01 02 01 01 02 03 03 04 02 01 04 04 02 02 01 01 02 02 03 01 01 02 02 04 04 01 04 04 04 01 04 01 02
REShol_S2_06	3	04 04 02 02 04 04 01 04 04 04 04 04 01 04 04 03 01 01 04 04 03 04 01 03 02 01 04 02 01 01 02 01 02 01 01 02 03 03 04 02 01 04 04 02 02 01 01 02 02 03 01 01 02 03 04 04 01 04 04 04 01 04 01 02
ReTLR001	3	04 04 02 02 04 04 01 04 01 04 04 04 01 04 04 03 01 01 04 04 03 04 01 03 02 01 02 02 01 01 02 01 02 01 01 02 03 03 04 02 01 04 04 02 02 01 01 02 02 03 01 01 02 02 04 04 01 04 04 04 01 04 01 02
ReTLR001	3	04 04 02 02 04 04 01 04 04 04 04 04 01 04 04 03 01 01 04 04 03 04 01 03 02 03 02 03 01 01 02 01 02 01 02 02 03 03 04 02 01 04 04 02 02 01 03 02 02 03 01 01 02 03 04 04 01 04 04 04 02 04 01 02
ReTLR002	3	04 04 02 02 04 04 01 04 01 01 04 04 01 04 04 03 01 01 04 04 03 02 01 03 02 01 02 02 01 01 02 01 02 01 01 02 03 03 04 02 01 04 04 02 02 01 01 02 02 03 01 01 02 02 04 04 01 04 04 04 01 04 01 02
ReTLR002	3	04 04 02 02 04 04 01 04 01 04 04 04 03 04 04 03 01 01 04 04 03 02 01 03 02 03 04 02 01 04 02 01 02 01 01 02 03 03 04 02 01 04 04 02 02 01 03 02 02 03 04 01 02 03 04 04 01 04 04 04 02 04 01 02
ReTLR004	3	04 04 02 02 04 04 01 04 04 04 04 04 01 04 04 03 01 01 04 04 03 02 01 03 02 01 02 02 01 01 02 01 02 01 01 02 03 03 04 02 01 02 04 02 02 01 01 02 02 03 01 01 02 02 04 04 01 04 04 04 01 04 01 02
ReTLR004	3	04 04 02 02 04 04 01 04 04 04 04 04 01 04 04 03 01 01 04 04 03 04 01 03 02 01 04 02 01 01 02 01 02 01 01 02 03 03 04 02 01 04 04 02 02 01 01 02 02 03 01 01 02 03 04 04 01 04 04 04 01 04 01 02
ReTLR005	3	04 04 02 02 04 04 01 04 01 04 04 02 01 04 04 03 01 01 04 04 03 04 01 03 02 03 02 02 01 01 02 01 02 01 01 02 03 03 04 02 01 04 04 02 02 01 01 02 02 03 01 01 02 02 04 04 01 04 04 04 01 04 01 02
ReTLR005	3	04 04 02 02 04 04 01 04 04 04 04 04 01 04 04 03 01 01 04 04 03 04 01 03 02 03 04 03 01 01 02 01 02 01 01 02 03 03 04 02 01 04 04 02 02 01 01 02 02 03 04 01 02 03 04 04 01 04 04 04 02 04 01 02
ReTLR007	3	04 04 02 02 04 04 01 04 01 04 04 04 01 04 04 03 01 01 04 04 03 04 01 03 02 01 02 02 01 01 02 01 02 01 01 02 03 03 04 02 01 04 04 02 02 01 01 02 02 03 01 01 02 02 04 04 01 04 04 04 01 04 01 02
ReTLR007	3	04 04 02 02 04 04 01 04 01 04 04 04 01 04 04 03 01 01 04 04 03 04 01 03 02 01 04 03 01 01 02 01 02 01 01 02 03 03 04 02 01 04 04 02 02 01 01 02 02 03 01 01 02 03 04 04 01 04 04 04 02 04 01 02
ReTLR009	3	04 04 02 02 04 04 01 04 04 04 04 04 01 04 04 03 01 01 04 04 03 02 01 03 02 01 02 02 01 01 02 01 02 01 01 02 03 03 04 02 01 04 04 02 02 01 01 02 02 03 01 01 02 02 04 04 01 04 04 04 01 04 01 02
ReTLR009	3	04 04 02 02 04 04 01 04 04 04 04 04 01 04 04 03 01 01 04 04 03 04 01 03 02 01 04 03 01 01 02 01 02 01 02 02 03 03 04 02 01 04 04 02 02 01 01 02 02 03 01 01 02 03 04 04 01 04 04 04 01 04 01 02
ReTLR010	3	04 04 02 02 04 04 01 04 01 04 04 04 01 04 04 03 01 01 04 04 03 04 01 03 02 01 02 02 01 01 02 01 02 01 01 02 03 03 04 02 01 04 04 02 02 01 01 02 02 03 01 01 02 02 04 04 01 04 04 04 01 04 01 02
ReTLR010	3	04 04 02 02 04 04 01 04 04 04 04 04 03 04 04 03 01 01 04 04 03 04 01 03 02 01 02 03 01 04 02 01 02 01 01 02 03 03 04 02 01 04 04 02 02 01 01 02 02 03 01 01 02 03 04 04 01 04 04 04 01 04 01 02
ReTLR011	3	04 04 02 02 02 04 01 04 01 01 04 04 01 04 04 03 01 01 04 04 03 02 01 03 -9 01 02 02 01 01 02 01 02 01 01 02 03 03 04 02 01 04 04 02 02 01 01 02 02 03 01 01 02 02 04 04 01 04 04 04 01 04 01 02
ReTLR011	3	04 04 02 02 04 04 01 04 01 04 04 04 01 04 04 03 01 01 04 04 03 04 01 03 -9 03 04 02 01 01 02 01 02 01 01 02 03 03 04 02 01 04 04 02 02 01 01 02 02 03 01 01 02 03 04 04 01 04 04 04 01 04 01 02
ReTLR012	3	04 04 02 02 04 04 01 04 01 01 04 04 01 04 04 03 01 01 04 04 03 04 01 03 02 01 02 02 01 01 02 01 02 01 01 02 03 03 04 02 01 02 04 02 02 01 01 02 02 03 01 01 02 02 04 04 01 04 04 04 01 04 01 02
ReTLR012	3	04 04 02 02 04 04 01 04 04 04 04 04 01 04 04 03 01 01 04 04 03 04 01 03 02 01 02 03 01 01 02 01 02 01 02 02 03 03 04 02 01 04 04 02 02 01 01 02 02 03 01 01 02 03 04 04 01 04 04 04 02 04 01 02
ReTLR013	3	03 04 02 02 04 04 01 02 04 04 04 04 01 04 04 03 01 01 04 04 03 02 01 03 02 01 02 02 01 01 02 01 02 01 01 02 03 03 04 01 01 04 04 02 02 01 01 02 02 03 01 01 02 02 04 04 01 04 04 04 01 04 01 02
ReTLR013	3	04 04 02 02 04 04 01 04 04 04 04 04 01 04 04 03 01 01 04 04 03 04 01 03 02 03 04 02 01 01 02 01 02 01 01 02 03 03 04 02 01 04 04 02 02 01 01 02 02 03 01 01 02 03 04 04 01 04 04 04 01 04 01 02
ReTLR014	3	04 04 02 02 04 04 01 04 01 01 04 04 01 04 04 03 01 01 04 04 03 04 01 03 02 01 02 02 01 01 02 01 02 01 01 02 03 03 04 02 01 04 04 02 02 01 01 02 02 03 01 01 02 02 04 04 01 04 04 04 01 04 01 02
ReTLR014	3	04 04 02 02 04 04 01 04 01 04 04 04 01 04 04 03 01 01 04 04 03 04 01 03 02 03 04 02 01 01 02 01 02 03 01 02 03 03 04 02 01 04 04 02 02 01 01 02 02 03 01 01 02 03 04 04 01 04 04 04 01 04 01 02
ReTLR015	3	04 04 02 02 04 04 01 02 04 04 04 04 01 04 04 03 01 01 04 04 03 02 01 03 -9 01 02 02 01 01 02 01 02 01 01 02 03 03 04 02 01 04 04 02 02 01 01 02 02 03 01 01 02 02 04 04 01 04 04 04 01 04 01 02
ReTLR015	3	04 04 02 02 04 04 01 04 04 04 04 04 01 04 04 03 01 01 04 04 03 04 01 03 -9 01 02 02 01 01 02 01 02 01 01 02 03 03 04 02 01 04 04 02 02 01 01 02 02 03 01 01 02 03 04 04 01 04 04 04 01 04 01 02
ReTLR016	3	04 04 02 02 04 04 01 04 01 01 04 04 01 04 04 03 01 01 04 04 03 02 01 03 02 01 02 02 01 01 02 01 02 01 01 02 03 03 04 02 01 04 04 02 02 01 01 02 02 03 01 01 02 02 04 04 01 04 04 04 01 04 01 02
ReTLR016	3	04 04 02 02 04 04 01 04 04 04 04 04 01 04 04 03 01 01 04 04 03 04 01 03 02 01 02 02 01 01 02 03 02 01 01 02 03 03 04 02 01 04 04 02 02 01 01 02 02 03 04 01 02 03 04 04 01 04 04 04 01 04 01 02
ReTLR017	3	04 04 02 02 04 04 01 04 01 04 04 04 01 04 04 03 01 01 04 04 03 02 01 03 02 01 02 02 01 01 02 01 02 01 01 02 03 03 04 02 01 04 04 02 02 01 01 02 02 03 01 01 02 02 04 04 01 04 04 04 01 04 01 02
ReTLR017	3	04 04 02 02 04 04 01 04 04 04 04 04 01 04 04 03 01 01 04 04 03 04 01 03 02 01 04 02 01 01 02 01 02 01 01 02 03 03 04 02 01 04 04 02 02 01 01 02 02 03 01 01 02 03 04 04 01 04 04 04 01 04 01 02
ReTLR018	3	04 04 02 02 04 04 01 02 01 04 04 04 01 04 04 03 01 01 04 04 03 04 01 03 02 01 02 02 01 01 02 01 02 01 01 02 03 03 04 02 01 04 04 02 02 01 01 02 02 03 01 01 02 02 04 04 01 04 04 04 01 04 01 02
ReTLR018	3	04 04 02 02 04 04 01 04 01 04 04 04 01 04 04 03 01 01 04 04 03 04 01 03 04 03 02 03 01 01 02 01 02 01 01 02 03 03 04 02 01 04 04 02 02 01 01 02 02 03 01 01 02 03 04 04 01 04 04 04 02 04 01 02
ReTLR020	3	04 04 02 02 02 04 01 04 01 01 04 04 01 04 04 03 01 01 04 04 03 04 01 03 02 01 02 02 01 01 02 01 02 01 01 02 03 03 04 02 01 02 04 02 02 01 01 02 02 03 01 01 02 02 04 04 01 04 04 04 01 04 01 02
ReTLR020	3	04 04 02 02 04 04 01 04 04 04 04 04 01 04 04 03 01 01 04 04 03 04 01 03 02 03 04 02 01 01 02 01 02 01 02 02 03 03 04 02 01 04 04 02 02 01 01 02 02 03 01 01 02 03 04 04 01 04 04 04 01 04 01 02
ReTLR022	3	04 04 02 02 04 04 01 04 01 04 04 04 01 04 04 03 01 01 04 04 03 04 01 03 02 01 02 02 01 01 02 01 02 01 01 02 03 02 04 02 01 04 04 02 02 01 01 02 02 03 01 01 02 02 04 04 01 04 04 04 01 04 01 02
ReTLR022	3	04 04 02 02 04 04 01 04 04 04 04 04 01 04 04 03 01 01 04 04 03 04 01 03 02 01 04 02 01 01 02 01 02 01 01 02 03 03 04 02 01 04 04 02 02 01 01 02 02 03 01 01 02 03 04 04 01 04 04 04 01 04 03 02
ReTLR023	3	04 04 02 02 04 04 01 04 01 04 04 04 01 04 04 03 01 01 04 04 03 02 01 03 02 01 02 02 01 01 02 01 02 01 01 02 03 03 04 02 01 04 04 02 02 01 01 02 02 03 01 01 02 02 04 04 01 04 04 04 01 04 01 02
ReTLR023	3	04 04 02 02 04 04 01 04 04 04 04 04 01 04 04 03 01 01 04 04 03 04 01 03 02 01 04 03 01 01 02 01 02 01 01 02 03 03 04 02 01 04 04 02 02 01 01 02 02 03 01 01 02 03 04 04 01 04 04 04 01 04 01 02
ReTLR024	3	04 04 02 02 04 04 01 02 01 04 04 04 01 04 04 03 01 01 04 04 03 02 01 03 02 01 02 02 01 01 02 01 02 01 01 02 03 03 04 02 01 04 04 02 02 01 01 02 02 03 01 01 02 02 04 04 01 04 04 04 01 04 01 02
ReTLR024	3	04 04 02 02 04 04 01 04 04 04 04 04 01 04 04 03 01 01 04 04 03 02 01 03 02 03 02 02 01 01 02 01 02 01 01 02 03 03 04 02 01 04 04 02 02 01 01 02 02 03 01 01 02 03 04 04 01 04 04 04 01 04 01 02
ReTLR027	3	04 04 02 02 04 04 01 04 01 04 04 04 01 04 04 03 01 01 04 04 03 02 01 03 02 01 02 02 01 01 02 01 02 01 01 02 03 03 04 02 01 04 04 02 02 01 01 02 02 03 01 01 02 02 04 04 01 04 04 04 01 04 01 02
ReTLR027	3	04 04 02 02 04 04 01 04 04 04 04 04 01 04 04 03 01 01 04 04 03 04 01 03 02 03 04 02 01 01 02 01 03 03 02 02 03 03 04 02 01 04 04 02 02 01 01 02 02 03 04 01 02 03 04 04 01 04 04 04 01 04 01 02
ReTLR029	3	04 04 02 02 04 04 01 04 01 04 04 04 01 04 04 03 01 01 04 04 03 04 01 03 02 01 02 02 01 01 02 01 02 01 01 02 03 03 04 02 01 04 04 02 02 01 01 02 02 03 01 01 02 02 04 04 01 04 04 04 01 04 01 02
ReTLR029	3	04 04 02 02 04 04 01 04 04 04 04 04 01 04 04 03 01 01 04 04 03 04 01 03 02 01 02 02 01 01 02 01 02 01 01 02 03 03 04 02 01 04 04 02 02 01 01 02 02 03 01 01 02 03 04 04 01 04 04 04 01 04 01 02
ReTLR030	3	04 04 02 02 02 04 01 04 04 04 04 04 01 04 04 03 01 01 04 04 03 04 01 03 02 01 02 02 01 01 02 01 02 01 01 02 03 03 04 02 01 04 04 02 02 01 01 02 02 03 01 01 02 02 04 04 01 04 04 04 01 04 01 02
ReTLR030	3	04 04 03 02 04 04 01 04 04 04 04 04 01 04 04 03 01 01 04 04 03 04 01 03 02 01 04 03 01 01 02 01 02 01 01 02 03 03 04 02 01 04 04 02 02 01 01 02 02 03 04 01 02 03 04 04 01 04 04 04 01 04 01 02
ReTLR033	3	04 04 02 02 04 04 01 04 01 04 04 04 01 04 04 03 01 01 04 04 03 02 01 03 02 01 02 02 01 01 02 01 02 01 01 02 03 03 04 02 01 04 04 02 02 01 01 02 02 03 01 01 02 02 04 04 01 04 04 04 01 02 01 02
ReTLR033	3	04 04 02 02 04 04 01 04 04 04 04 04 01 04 04 03 01 01 04 04 03 02 01 03 02 01 04 02 01 01 02 01 02 01 01 02 03 03 04 02 01 04 04 02 02 01 01 02 02 03 01 01 02 03 04 04 01 04 04 04 01 04 01 02
ReTLR034	3	04 04 02 02 04 04 01 04 01 04 04 04 01 04 04 03 01 01 04 04 03 02 01 03 02 01 02 02 01 01 02 01 02 01 01 02 03 03 04 01 01 04 04 02 02 01 01 02 02 03 01 01 02 02 04 04 01 04 04 04 01 04 01 02
ReTLR034	3	04 04 02 02 04 04 01 04 04 04 04 04 01 04 04 03 01 01 04 04 03 04 01 03 02 03 04 02 01 01 02 01 02 01 01 02 03 03 04 02 01 04 04 02 02 01 01 02 02 03 04 01 02 03 04 04 01 04 04 04 02 04 01 02
REWAD_S1_02	3	04 04 02 02 04 04 01 04 01 04 04 04 01 04 04 03 01 01 04 04 03 02 01 03 02 01 02 02 01 01 02 01 02 01 01 02 03 03 04 02 01 04 04 02 02 01 01 02 02 03 01 01 02 02 04 04 01 04 04 04 01 04 01 02
REWAD_S1_02	3	04 04 02 02 04 04 01 04 04 04 04 04 01 04 04 03 01 01 04 04 03 02 01 03 02 01 02 03 01 01 02 01 03 01 01 02 03 03 04 02 01 04 04 02 02 03 01 02 02 03 01 01 02 03 04 04 01 04 04 04 01 04 01 02
REWAD_S1_03(2)	3	04 04 02 02 04 04 01 04 01 04 04 04 01 04 04 03 01 01 04 04 03 02 01 03 02 03 02 02 01 01 02 01 02 01 01 02 03 03 04 02 01 04 04 02 02 01 01 02 02 03 01 01 02 02 04 04 01 04 04 04 01 04 01 02
REWAD_S1_03(2)	3	04 04 02 02 04 04 01 04 04 04 04 04 01 04 04 03 01 01 04 04 03 04 01 03 02 03 02 02 01 01 02 01 02 01 01 02 03 03 04 02 01 04 04 02 02 03 01 02 02 03 01 01 02 03 04 04 01 04 04 04 02 04 01 02
REWAD_S1_04(2)	3	04 04 02 02 04 04 01 04 01 04 04 04 01 04 04 03 01 01 04 04 03 04 01 03 02 01 02 02 01 01 02 01 02 01 01 02 03 03 04 02 01 04 04 02 02 01 01 02 02 03 01 01 02 02 04 04 01 04 04 04 01 04 01 02
REWAD_S1_04(2)	3	04 04 03 02 04 04 01 04 01 04 04 04 03 04 04 03 01 01 04 04 03 04 01 03 02 01 04 02 01 01 02 01 02 01 01 02 03 03 04 02 01 04 04 02 02 01 01 02 02 03 01 01 02 03 04 04 01 04 04 04 02 04 01 02
WRBBBF001	4	04 04 03 04 04 04 01 02 04 01 04 02 01 04 04 03 01 01 04 04 01 02 01 03 02 01 02 03 01 01 02 01 02 01 01 02 01 03 03 01 04 02 04 02 02 01 01 02 04 03 01 01 02 02 04 04 01 04 03 04 02 04 03 02
WRBBBF001	4	04 04 03 04 04 04 01 02 04 01 04 04 01 04 04 03 01 01 04 04 03 02 01 03 02 01 02 03 01 01 02 03 02 03 01 02 03 03 03 02 04 02 04 02 04 01 03 02 04 03 04 01 02 03 04 04 01 04 03 04 02 04 03 04
WRBBBF002	4	03 04 03 04 04 04 01 02 04 01 04 02 01 04 04 03 01 01 04 04 03 02 01 03 02 01 02 03 01 01 02 01 02 01 01 01 01 03 03 02 04 02 04 02 04 03 01 02 02 03 04 01 02 02 04 04 01 04 03 04 02 04 03 02
WRBBBF002	4	04 04 03 04 04 04 01 02 04 01 04 04 01 04 04 03 01 01 04 04 03 02 01 03 02 01 02 03 01 01 02 01 02 01 01 02 03 03 03 02 04 02 04 02 04 03 01 02 04 03 04 01 02 03 04 04 01 04 03 04 02 04 03 02
WRBBBF004	4	04 04 03 04 04 04 01 02 01 01 04 04 01 04 04 03 01 01 04 04 03 02 01 03 02 01 02 03 01 01 02 01 02 01 01 02 03 03 03 02 04 02 04 02 02 01 01 02 04 03 04 01 02 02 04 04 01 04 03 04 02 04 03 02
WRBBBF004	4	04 04 03 04 04 04 01 02 01 01 04 04 01 04 04 03 01 01 04 04 03 02 01 03 02 01 02 03 01 01 02 01 02 01 01 02 03 03 03 02 04 02 04 02 02 01 01 02 04 03 04 01 02 03 04 04 01 04 03 04 02 04 03 02
WRBBBF009	4	04 04 03 04 04 04 01 02 01 01 04 02 01 04 04 03 01 01 04 04 03 02 01 03 02 01 02 03 01 01 02 01 02 01 01 02 03 03 03 01 04 02 04 02 04 03 01 02 04 03 04 01 02 02 04 04 01 04 03 04 02 04 03 02
WRBBBF009	4	04 04 03 04 04 04 01 02 01 01 04 04 01 04 04 03 01 01 04 04 03 02 01 03 02 01 02 03 01 01 02 01 02 01 02 02 03 03 03 02 04 02 04 02 04 03 03 02 04 03 04 01 02 03 04 04 01 04 03 04 02 04 03 02
WRBBBF012	4	04 04 03 04 04 04 01 02 01 01 04 04 01 04 04 03 01 01 04 04 03 02 01 03 02 01 02 03 01 01 02 01 02 01 01 02 03 03 03 01 04 02 04 02 02 01 01 02 04 03 01 01 02 02 04 04 01 04 03 04 02 04 03 02
WRBBBF012	4	04 04 03 04 04 04 01 02 01 01 04 04 01 04 04 03 01 01 04 04 03 02 01 03 02 01 02 03 03 01 02 01 02 01 01 02 03 03 03 02 04 02 04 02 02 01 01 02 04 03 04 01 02 03 04 04 01 04 03 04 02 04 03 02
WRBBBF016	4	04 04 03 04 04 04 01 02 01 01 04 04 01 04 04 03 01 01 04 04 03 02 01 03 02 01 02 03 01 01 02 01 02 01 01 02 03 03 03 02 04 02 04 02 02 01 01 02 04 03 04 01 02 02 04 04 01 04 03 04 02 04 03 02
WRBBBF016	4	04 04 03 04 04 04 01 02 01 01 04 04 01 04 04 03 01 01 04 04 03 02 01 03 02 01 02 03 01 01 02 03 02 01 01 02 03 03 03 02 04 02 04 02 02 01 03 02 04 03 04 01 02 03 04 04 01 04 03 04 02 04 03 02
WRBBBF021	4	04 04 03 04 04 04 01 02 01 01 04 04 01 04 04 03 01 01 04 04 03 02 01 03 02 01 02 03 01 01 02 01 02 01 01 02 03 03 03 01 04 02 04 02 02 01 01 02 04 03 04 01 02 02 04 04 01 04 03 04 02 04 03 02
WRBBBF021	4	04 04 03 04 04 04 01 02 04 01 04 04 01 04 04 03 01 01 04 04 03 02 01 03 02 01 02 03 01 01 02 01 02 01 01 02 03 03 03 02 04 02 04 02 02 01 03 02 04 03 04 01 02 03 04 04 01 04 03 04 02 04 03 02
WRBBBF022	4	04 04 03 04 04 04 01 02 04 04 04 04 01 04 04 03 01 01 04 04 01 02 01 03 02 01 02 03 01 01 02 01 02 01 01 02 01 03 03 02 04 02 04 02 04 01 01 02 02 03 01 01 02 02 04 04 01 04 03 04 02 04 03 02
WRBBBF022	4	04 04 03 04 04 04 01 02 04 04 04 04 01 04 04 03 01 01 04 04 03 02 01 03 02 01 02 03 01 01 02 01 02 03 01 02 03 03 03 02 04 02 04 02 04 01 03 02 04 03 04 01 02 03 04 04 01 04 03 04 02 04 03 02
WRBBBF023	4	04 04 03 04 04 04 01 02 01 01 04 04 01 03 04 03 01 01 04 04 03 02 01 03 02 01 02 03 01 01 02 01 02 01 01 02 03 03 03 02 04 02 04 02 02 01 01 02 04 03 04 01 02 02 04 04 01 04 03 04 02 04 03 02
WRBBBF023	4	04 04 03 04 04 04 01 02 04 01 04 04 01 04 04 03 01 01 04 04 03 02 01 03 02 01 02 03 01 01 02 01 02 01 01 02 03 03 03 02 04 02 04 02 04 01 01 02 04 03 04 01 02 03 04 04 01 04 03 04 02 04 03 02
WRBBLC001	4	03 04 03 04 04 04 01 02 01 01 04 04 01 03 04 03 01 01 04 04 03 02 01 03 02 01 02 03 01 01 02 01 02 01 01 02 03 03 03 02 04 02 04 02 02 01 01 02 04 03 04 01 02 02 04 04 01 04 03 04 01 02 03 02
WRBBLC001	4	04 04 03 04 04 04 01 02 01 01 04 04 03 04 04 03 01 01 04 04 03 02 01 03 02 01 02 03 01 01 02 03 02 01 01 02 03 03 03 02 04 02 04 02 02 01 01 02 04 03 04 01 02 03 04 04 01 04 03 04 02 04 03 02
WRBBLC002	4	04 04 03 04 04 04 01 02 01 01 04 04 01 03 04 03 01 01 04 04 03 02 01 03 02 01 02 03 01 01 02 01 02 01 01 02 03 03 03 01 04 02 04 02 02 01 01 01 04 03 04 01 02 02 04 04 01 04 03 04 02 04 03 02
WRBBLC002	4	04 04 03 04 04 04 01 02 01 01 04 04 01 03 04 03 01 01 04 04 03 02 01 03 02 01 02 03 03 01 02 01 02 01 01 02 03 03 03 02 04 02 04 02 02 01 01 02 04 03 04 01 02 03 04 04 01 04 03 04 02 04 03 02
WRBBLC004	4	04 04 03 04 04 04 01 02 04 01 04 04 01 04 04 03 01 01 04 04 03 02 01 03 02 01 02 03 01 01 02 01 02 01 01 02 03 03 03 02 04 02 04 02 04 01 01 02 04 03 01 01 02 02 04 04 01 04 03 04 02 04 03 02
WRBBLC004	4	04 04 03 04 04 04 01 02 04 01 04 04 01 04 04 03 01 01 04 04 03 02 01 03 02 01 02 03 01 01 02 01 02 03 01 02 03 03 03 02 04 02 04 02 04 01 01 02 04 03 04 01 02 03 04 04 01 04 03 04 02 04 03 02
WRBBLC005	4	04 04 02 04 04 04 01 02 04 01 04 04 01 03 04 03 01 01 04 04 03 02 01 03 02 01 02 03 01 01 02 01 02 01 01 02 03 03 03 02 04 02 04 02 02 01 01 02 04 03 01 01 02 02 04 04 01 04 03 04 02 04 03 02
WRBBLC005	4	04 04 03 04 04 04 01 02 04 01 04 04 01 03 04 03 01 01 04 04 03 02 01 03 02 01 02 03 01 01 02 01 02 01 01 02 03 03 03 02 04 02 04 02 02 01 01 02 04 03 04 01 02 03 04 04 01 04 03 04 02 04 03 02
WRBBLC006	4	04 04 03 04 04 04 01 02 01 04 04 04 01 03 04 03 01 01 04 04 03 02 01 03 02 01 02 03 01 01 02 01 02 01 01 02 03 03 03 02 04 02 04 02 02 01 01 02 04 03 04 01 02 02 04 04 01 04 03 04 02 04 03 02
WRBBLC006	4	04 04 03 04 04 04 01 02 01 04 04 04 01 04 04 03 01 01 04 04 03 02 01 03 02 01 02 03 01 01 02 03 02 01 01 02 03 03 03 02 04 02 04 02 04 01 01 02 04 03 04 01 02 03 04 04 01 04 03 04 02 04 03 02
WRBBLC007	4	03 04 03 04 04 04 01 02 01 01 04 04 01 03 04 03 01 01 04 04 03 02 01 03 02 01 02 03 01 01 02 01 02 01 01 02 03 03 03 02 04 02 04 02 02 01 01 02 02 03 01 01 02 02 04 04 01 04 03 04 02 04 03 02
WRBBLC007	4	04 04 03 04 04 04 01 02 01 01 04 04 01 04 04 03 01 01 04 04 03 02 01 03 02 01 02 03 01 01 02 01 02 01 02 02 03 03 03 02 04 02 04 02 04 01 01 02 04 03 04 01 02 03 04 04 01 04 03 04 02 04 03 02
WRBBLC008	4	03 04 03 04 04 04 01 02 04 01 04 04 01 03 04 03 01 01 04 04 03 02 01 03 02 01 02 03 01 01 02 01 02 01 01 02 03 03 03 02 04 02 04 02 02 01 01 02 02 03 04 01 02 02 04 04 01 04 03 04 02 04 01 02
WRBBLC008	4	04 04 03 04 04 04 01 02 04 01 04 04 01 04 04 03 01 01 04 04 03 02 01 03 02 01 02 03 01 01 02 01 02 01 01 02 03 03 03 02 04 02 04 02 02 01 01 02 04 03 04 01 02 03 04 04 01 04 03 04 02 04 03 02
WRBBLC009	4	04 04 02 04 04 04 01 02 01 01 04 04 01 03 04 03 01 01 04 04 03 02 01 03 02 01 02 03 01 01 02 03 02 01 01 02 03 02 03 02 04 02 04 02 02 01 01 01 04 03 01 01 02 02 04 04 01 04 03 04 02 04 03 02
WRBBLC009	4	04 04 03 04 04 04 01 02 04 01 04 04 01 04 04 03 01 01 04 04 03 02 01 03 02 01 02 03 01 01 02 03 02 01 01 02 03 03 03 02 04 02 04 02 02 01 01 02 04 03 04 01 02 03 04 04 01 04 03 04 02 04 03 02
WRBBLC010	4	03 04 03 04 04 04 01 02 04 01 04 04 01 03 04 03 01 01 04 04 03 02 01 03 02 01 02 03 01 01 02 01 02 01 01 02 03 03 03 02 04 02 04 02 02 01 01 02 04 03 04 01 02 02 04 04 01 04 03 04 02 04 03 02
WRBBLC010	4	04 04 03 04 04 04 01 02 04 01 04 04 01 04 04 03 01 01 04 04 03 02 01 03 02 01 02 03 01 01 02 01 02 03 01 02 03 03 03 02 04 02 04 02 02 01 01 02 04 03 04 01 02 03 04 04 01 04 03 04 02 04 03 02
WRBBLC011	4	04 04 03 04 04 04 01 02 04 01 04 04 01 03 04 03 01 01 04 04 03 02 01 03 02 01 02 03 01 01 02 01 02 01 01 02 03 02 03 02 04 02 04 02 02 01 01 02 04 03 04 01 02 02 04 04 01 04 03 04 02 04 03 02
WRBBLC011	4	04 04 03 04 04 04 01 02 04 01 04 04 01 04 04 03 01 01 04 04 03 02 01 03 02 01 02 03 03 01 02 01 02 01 01 02 03 02 03 02 04 02 04 02 04 01 01 02 04 03 04 01 02 03 04 04 01 04 03 04 02 04 03 02
WRBBLC012	4	04 04 03 04 04 04 01 02 01 01 04 04 01 03 04 03 01 01 04 04 03 02 01 03 02 01 02 03 01 01 02 01 02 01 01 02 03 03 03 02 04 02 04 02 02 01 01 02 04 03 04 01 02 02 04 04 01 04 03 04 02 04 01 02
WRBBLC012	4	04 04 03 04 04 04 01 02 01 01 04 04 01 03 04 03 01 01 04 04 03 02 01 03 02 01 02 03 01 01 02 01 02 01 01 02 03 03 03 02 04 02 04 02 02 01 01 02 04 03 04 01 04 03 04 04 01 04 03 04 02 04 03 02
WRBBLC013	4	03 04 03 04 02 04 01 02 01 01 04 04 01 03 04 03 01 01 04 04 01 02 01 03 02 01 02 03 01 01 02 01 02 01 01 02 03 03 03 02 04 02 04 02 04 01 01 02 04 03 01 01 02 02 04 04 01 04 03 04 02 04 03 02
WRBBLC013	4	04 04 03 04 04 04 01 02 04 01 04 04 01 04 04 03 01 01 04 04 03 02 01 03 02 01 02 03 03 01 02 01 02 01 01 02 03 03 03 02 04 02 04 02 04 01 01 02 04 03 04 01 02 03 04 04 01 04 03 04 02 04 03 02
WRBBOC001	4	04 04 03 04 04 04 01 02 04 04 04 04 01 03 04 03 01 01 04 04 03 02 01 03 02 01 02 03 01 01 02 01 02 01 01 02 03 03 03 02 04 02 04 02 02 01 01 02 04 03 01 01 02 02 04 04 01 04 03 04 02 04 03 02
WRBBOC001	4	04 04 03 04 04 04 01 02 04 04 04 04 01 03 04 03 01 01 04 04 03 02 01 03 04 01 02 03 01 01 02 01 02 01 01 02 03 03 03 02 04 02 04 02 04 01 01 02 04 03 04 01 02 03 04 04 01 04 03 04 02 04 03 02
WRBBOC002	4	03 02 03 04 04 04 01 02 01 01 04 04 01 03 04 03 01 01 04 04 03 02 01 03 02 01 02 03 01 01 02 01 02 01 01 02 01 03 03 02 04 02 04 02 02 01 01 02 04 03 04 01 02 02 04 04 01 04 03 04 02 04 03 02
WRBBOC002	4	04 04 03 04 04 04 01 02 04 01 04 04 01 03 04 03 01 01 04 04 03 02 01 03 02 01 02 03 01 01 02 01 02 01 01 02 03 03 03 02 04 04 04 02 04 01 01 02 04 03 04 01 02 03 04 04 01 04 03 04 02 04 03 02
WRBBOC003	4	04 04 03 04 04 04 01 02 01 04 04 04 01 03 04 03 01 01 04 04 03 02 01 03 02 01 02 03 01 01 02 01 02 01 01 02 03 03 03 02 04 02 04 02 02 01 01 02 02 03 04 01 02 02 04 04 01 04 03 04 02 04 03 02
WRBBOC003	4	04 04 03 04 04 04 01 02 04 04 04 04 01 04 04 03 01 01 04 04 03 02 01 03 02 01 02 03 01 01 02 01 02 01 01 02 03 03 03 02 04 02 04 02 02 01 01 02 04 03 04 01 02 03 04 04 01 04 03 04 02 04 03 02
WRBBOC004	4	04 04 03 04 04 04 01 02 01 01 04 04 01 04 04 03 01 01 04 01 03 02 01 03 02 01 02 03 01 01 02 01 02 01 01 02 03 03 03 02 04 02 04 02 02 01 01 02 04 03 04 01 02 02 04 04 01 04 03 04 02 04 03 02
WRBBOC004	4	04 04 03 04 04 04 01 02 01 01 04 04 01 04 04 03 01 01 04 04 03 04 01 03 02 01 02 03 01 01 02 01 02 01 01 02 03 03 03 02 04 02 04 02 04 01 01 02 04 03 04 01 04 03 04 04 01 04 03 04 02 04 03 02
WRBBOC005	4	03 04 03 04 04 04 01 02 01 04 04 04 01 03 04 03 01 01 04 04 03 02 01 03 02 01 02 03 01 01 02 01 02 01 01 02 03 03 03 01 04 02 04 02 02 01 01 02 04 03 04 01 02 02 04 04 01 04 03 04 02 04 03 02
WRBBOC005	4	04 04 03 04 04 04 01 02 01 04 04 04 01 04 04 03 01 01 04 04 03 02 01 03 02 01 02 03 01 01 02 01 02 01 01 02 03 03 03 02 04 02 04 02 02 01 01 02 04 03 04 01 02 03 04 04 01 04 03 04 02 04 03 02
WRBBOC006	4	04 04 03 04 04 04 01 02 04 01 04 04 01 03 04 03 01 01 04 04 03 02 01 03 02 01 02 03 01 01 02 01 02 01 01 02 03 03 03 02 04 02 04 02 02 01 01 02 04 03 04 01 02 02 04 04 01 04 03 04 02 04 03 02
WRBBOC006	4	04 04 03 04 04 04 01 02 04 01 04 04 01 03 04 03 01 01 04 04 03 02 01 03 02 01 02 03 01 01 02 01 02 01 01 02 03 03 03 02 04 02 04 02 02 01 01 02 04 03 04 01 02 03 04 04 01 04 03 04 02 04 03 02
WRBBOC007	4	04 04 03 04 04 04 01 02 04 01 04 04 01 04 04 03 01 01 04 01 03 02 01 03 02 01 02 03 01 01 02 01 02 01 01 02 03 03 03 02 04 02 04 02 02 01 01 02 02 03 04 01 02 02 04 04 01 04 03 04 02 04 01 02
WRBBOC007	4	04 04 03 04 04 04 01 02 04 01 04 04 01 04 04 03 01 01 04 04 03 02 01 03 02 01 02 03 01 01 02 01 02 01 01 02 03 03 03 02 04 02 04 02 04 01 01 02 04 03 04 01 02 03 04 04 01 04 03 04 02 04 03 02
WRBBOC008	4	03 02 03 04 04 04 01 02 04 01 04 04 01 03 04 03 01 01 04 04 03 02 01 03 02 01 02 03 01 01 02 01 02 01 01 02 03 03 03 02 04 02 04 02 02 01 01 02 04 03 04 01 02 02 04 04 01 04 03 04 02 04 03 02
WRBBOC008	4	04 04 03 04 04 04 01 02 04 01 04 04 01 04 04 03 01 01 04 04 03 02 01 03 02 01 02 03 01 01 02 01 02 01 01 02 03 03 03 02 04 04 04 02 02 01 01 02 04 03 04 01 02 03 04 04 01 04 03 04 02 04 03 02
WRBBOC010	4	04 04 03 04 04 04 01 02 01 01 04 04 01 03 04 03 01 01 04 04 03 02 01 03 02 01 02 03 01 01 02 01 02 01 01 02 03 03 03 02 04 02 04 02 02 01 01 02 04 03 04 01 02 02 04 04 01 04 03 04 02 04 03 02
WRBBOC010	4	04 04 03 04 04 04 01 04 04 01 04 04 01 04 04 03 01 01 04 04 03 02 01 03 02 01 02 03 01 01 02 01 02 01 01 02 03 03 03 02 04 02 04 02 02 01 01 02 04 03 04 01 02 03 04 04 01 04 03 04 02 04 03 02
WRBSSF001	4	04 02 03 04 04 04 01 02 01 01 04 04 01 03 04 03 01 01 04 04 03 02 01 03 02 01 02 03 01 01 02 01 02 01 01 02 01 03 03 01 04 02 04 02 04 01 01 02 04 03 04 01 02 02 04 04 01 04 03 04 01 04 03 02
WRBSSF001	4	04 04 03 04 04 04 01 02 01 01 04 04 01 03 04 03 01 01 04 04 03 02 01 03 02 01 02 03 01 01 02 01 02 01 01 02 03 03 03 02 04 02 04 02 04 01 01 02 04 03 04 01 02 03 04 04 01 04 03 04 02 04 03 02
WRBSSF003	4	04 04 03 04 04 04 01 02 01 01 04 04 01 03 04 03 01 01 04 04 03 02 01 03 02 01 02 03 01 01 02 01 02 01 01 02 03 03 03 02 04 02 04 02 02 01 01 02 04 03 04 01 02 02 04 04 01 04 03 04 02 04 03 02
WRBSSF003	4	04 04 03 04 04 04 01 02 04 01 04 04 01 03 04 03 01 01 04 04 03 02 01 03 02 01 02 03 01 01 02 01 02 03 01 02 03 03 03 02 04 02 04 02 04 01 01 02 04 03 04 01 02 03 04 04 01 04 03 04 02 04 03 02
WRBSSF004	4	04 04 03 04 04 04 01 02 01 01 04 04 01 03 04 03 01 01 04 04 03 02 01 03 02 01 02 03 01 01 02 01 02 01 01 02 01 03 03 02 04 02 04 02 02 01 01 02 02 03 04 01 02 02 04 04 01 04 03 04 01 04 03 02
WRBSSF004	4	04 04 03 04 04 04 01 02 04 04 04 04 01 04 04 03 01 01 04 04 03 02 01 03 02 01 02 03 01 01 02 01 02 01 01 02 03 03 03 02 04 02 04 02 02 01 03 02 04 03 04 01 02 03 04 04 01 04 03 04 02 04 03 02
WRBSSF006	4	04 04 03 04 04 04 01 02 01 01 04 04 01 04 04 03 01 01 04 04 03 02 01 03 02 01 02 03 01 01 02 01 02 01 01 02 01 03 03 01 04 02 04 02 02 01 01 02 02 03 04 01 02 02 04 04 01 04 03 04 02 04 03 02
WRBSSF006	4	04 04 03 04 04 04 01 02 04 01 04 04 01 04 04 03 01 01 04 04 03 02 01 03 02 01 04 03 01 01 02 01 02 01 01 02 03 03 03 02 04 02 04 02 02 01 01 02 04 03 04 01 02 03 04 04 01 04 03 04 02 04 03 02
WRBSSF007	4	04 04 03 04 04 04 01 02 04 04 04 02 01 03 04 03 01 01 04 04 03 02 01 03 02 01 02 03 01 01 02 01 02 01 01 02 03 03 03 02 04 02 04 02 02 03 01 02 02 03 04 01 02 02 04 04 01 04 03 04 02 04 03 02
WRBSSF007	4	04 04 03 04 04 04 01 02 04 04 04 04 01 04 04 03 01 01 04 04 03 02 01 03 02 01 02 03 01 01 02 01 02 01 01 02 03 03 03 02 04 02 04 02 02 03 01 02 04 03 04 01 02 03 04 04 01 04 03 04 02 04 03 02
WRBSSF009	4	04 02 03 04 04 04 01 02 01 01 04 04 01 04 04 03 01 01 04 04 03 02 01 03 04 01 02 03 01 01 02 01 02 01 01 02 03 03 03 02 04 02 04 02 02 01 01 02 04 03 04 01 02 02 04 02 01 04 03 04 02 04 01 02
WRBSSF009	4	04 04 03 04 04 04 01 02 01 01 04 04 01 04 04 03 01 01 04 04 03 02 01 03 04 01 02 03 01 01 02 01 02 01 01 02 03 03 03 02 04 02 04 02 04 01 01 02 04 03 04 01 02 03 04 04 01 04 03 04 02 04 01 02
WRBSSF010	4	04 02 03 04 04 04 01 02 01 01 04 04 01 03 04 03 01 01 04 04 03 02 01 03 -9 01 02 03 01 01 02 01 02 01 01 02 03 03 03 02 04 02 04 02 02 01 01 02 04 03 04 01 02 02 04 04 01 04 03 04 02 04 03 02
WRBSSF010	4	04 04 03 04 04 04 01 02 04 01 04 04 01 04 04 03 01 01 04 04 03 02 01 03 -9 01 02 03 01 01 02 01 02 01 01 02 03 03 03 02 04 02 04 02 04 01 01 02 04 03 04 01 02 03 04 04 01 04 03 04 02 04 03 02
GMNHTC9217/CTHB	5	04 04 02 04 04 04 01 02 04 01 04 04 03 04 04 03 01 01 04 04 03 02 01 03 02 01 02 03 01 01 02 03 02 01 01 02 03 03 03 02 01 04 04 02 02 03 01 02 02 03 01 01 02 02 04 04 03 04 03 04 02 04 01 02
GMNHTC9217/CTHB	5	04 04 02 04 04 04 01 02 04 01 04 04 03 04 04 03 01 01 04 04 03 02 01 03 02 01 02 03 01 01 02 03 02 01 01 02 03 03 03 02 01 04 04 02 02 03 01 02 02 03 01 01 02 03 04 04 03 04 03 04 02 04 01 02
CTHB001	5	04 04 02 04 04 04 01 02 04 01 04 04 03 04 04 03 01 01 04 04 03 02 01 03 02 01 02 03 01 01 02 03 02 01 01 02 03 03 03 02 01 04 04 02 02 03 01 02 02 03 01 01 02 02 04 04 03 04 03 04 02 04 01 02
CTHB001	5	04 04 02 04 04 04 01 02 04 01 04 04 03 04 04 03 01 01 04 04 03 02 01 03 02 01 02 03 01 01 02 03 02 01 01 02 03 03 03 02 01 04 04 02 02 03 01 02 02 03 01 01 02 03 04 04 03 04 03 04 02 04 01 02
CTHB002	5	04 04 02 04 04 04 01 02 04 01 04 04 03 04 04 03 01 01 04 04 03 02 01 03 02 01 02 03 01 01 02 03 02 01 01 02 03 03 03 02 01 04 04 02 02 03 01 02 02 03 01 01 02 02 04 04 03 04 03 04 02 04 01 02
CTHB002	5	04 04 02 04 04 04 01 02 04 01 04 04 03 04 04 03 01 01 04 04 03 02 01 03 02 01 02 03 01 01 02 03 02 01 01 02 03 03 03 02 01 04 04 02 02 03 01 02 02 03 01 01 02 03 04 04 03 04 03 04 02 04 01 02
CTHB003	5	04 04 02 04 04 04 01 02 04 01 04 04 03 04 04 03 01 01 04 04 03 02 01 03 02 01 02 03 01 01 02 03 02 01 01 02 03 03 03 02 01 04 04 02 02 03 01 02 02 03 01 01 02 02 04 04 03 04 03 04 02 04 01 02
CTHB003	5	04 04 02 04 04 04 01 02 04 01 04 04 03 04 04 03 01 01 04 04 03 02 01 03 02 01 02 03 01 01 02 03 02 01 01 02 03 03 03 02 01 04 04 02 02 03 01 02 02 03 01 01 02 03 04 04 03 04 03 04 02 04 01 02
CTHB004	5	04 04 02 04 04 04 01 02 04 01 04 04 03 04 04 03 01 01 04 04 03 02 01 03 02 01 02 03 01 01 02 03 02 01 01 02 03 03 03 02 01 04 04 02 02 03 01 02 02 03 01 01 02 02 04 04 03 04 03 04 02 04 01 02
CTHB004	5	04 04 02 04 04 04 01 02 04 01 04 04 03 04 04 03 01 01 04 04 03 02 01 03 02 01 02 03 01 01 02 03 02 01 01 02 03 03 03 02 01 04 04 02 02 03 01 02 02 03 01 01 02 03 04 04 03 04 03 04 02 04 01 02
CTHB005	5	04 04 02 04 04 04 01 02 04 01 04 04 03 04 04 03 01 01 04 04 03 02 01 03 02 01 02 03 01 01 02 03 02 01 01 02 03 03 03 02 01 04 04 02 02 03 01 02 02 03 01 01 02 02 04 04 03 04 03 04 02 04 01 02
CTHB005	5	04 04 02 04 04 04 01 02 04 01 04 04 03 04 04 03 01 01 04 04 03 02 01 03 02 01 02 03 01 01 02 03 02 01 01 02 03 03 03 02 01 04 04 02 02 03 01 02 02 03 01 01 02 03 04 04 03 04 03 04 02 04 01 02
CTHB006	5	04 04 02 04 04 04 01 02 04 01 04 04 03 04 04 03 01 01 04 04 03 02 01 03 02 01 02 03 01 01 02 03 02 01 01 02 03 03 03 02 01 04 04 02 02 03 01 02 02 03 01 01 02 02 04 04 03 04 03 04 02 04 01 02
CTHB006	5	04 04 02 04 04 04 01 02 04 01 04 04 03 04 04 03 01 01 04 04 03 02 01 03 02 01 02 03 01 01 02 03 02 01 01 02 03 03 03 02 01 04 04 02 02 03 01 02 02 03 01 01 02 03 04 04 03 04 03 04 02 04 01 02
CTHB007	5	04 04 02 04 04 04 01 02 04 01 04 04 03 04 04 03 01 01 04 04 03 02 01 03 02 01 02 03 01 01 02 03 02 01 01 02 03 03 03 02 01 04 04 02 02 03 01 02 02 03 01 01 02 02 04 04 03 04 03 04 02 04 01 02
CTHB007	5	04 04 02 04 04 04 01 02 04 01 04 04 03 04 04 03 01 01 04 04 03 02 01 03 02 01 02 03 01 01 02 03 02 01 01 02 03 03 03 02 01 04 04 02 02 03 01 02 02 03 01 01 02 03 04 04 03 04 03 04 02 04 01 02
CTHB008	5	04 04 02 04 04 04 01 02 04 01 04 04 03 04 04 03 01 01 04 04 03 02 01 03 02 01 02 03 01 01 02 03 02 01 01 02 03 03 03 02 01 04 04 02 02 03 01 02 02 03 01 01 02 02 04 04 03 04 03 04 02 04 01 02
CTHB008	5	04 04 02 04 04 04 01 02 04 01 04 04 03 04 04 03 01 01 04 04 03 02 01 03 02 01 02 03 01 01 02 03 02 01 01 02 03 03 03 02 01 04 04 02 02 03 01 02 02 03 01 01 02 03 04 04 03 04 03 04 02 04 01 02
CTHB009	5	04 04 02 04 04 04 01 02 04 01 04 04 03 04 04 03 01 01 04 04 03 02 01 03 02 01 02 03 01 01 02 03 02 01 01 02 03 03 03 02 01 04 04 02 02 03 01 02 02 03 01 01 02 02 04 04 03 04 03 04 02 04 01 02
CTHB009	5	04 04 02 04 04 04 01 02 04 01 04 04 03 04 04 03 01 01 04 04 03 02 01 03 02 01 02 03 01 01 02 03 02 01 01 02 03 03 03 02 01 04 04 02 02 03 01 02 02 03 01 01 02 03 04 04 03 04 03 04 02 04 01 02
CTHB010	5	04 04 02 04 04 04 01 02 04 01 04 04 03 04 04 03 01 01 04 04 03 02 01 03 02 01 02 03 01 01 02 03 02 01 01 02 03 03 03 02 01 04 04 02 02 03 01 02 02 03 01 01 02 02 04 04 03 04 03 04 02 04 01 02
CTHB010	5	04 04 02 04 04 04 01 02 04 01 04 04 03 04 04 03 01 01 04 04 03 02 01 03 02 01 02 03 01 01 02 03 02 01 01 02 03 03 03 02 01 04 04 02 02 03 01 02 02 03 01 01 02 03 04 04 03 04 03 04 02 04 01 02
CTHB011	5	04 04 02 04 04 04 01 02 04 01 04 04 03 04 04 03 01 01 04 04 03 02 01 03 02 01 02 03 01 01 02 03 02 01 01 02 03 03 03 02 01 04 04 02 02 03 01 02 02 03 01 01 02 02 04 04 03 04 03 04 02 04 01 02
CTHB011	5	04 04 02 04 04 04 01 02 04 01 04 04 03 04 04 03 01 01 04 04 03 02 01 03 02 01 02 03 01 01 02 03 02 01 01 02 03 03 03 02 01 04 04 02 02 03 01 02 02 03 01 01 02 03 04 04 03 04 03 04 02 04 01 02
CTHB012	5	04 04 02 04 04 04 01 02 04 01 04 04 03 04 04 03 01 01 04 04 03 02 01 03 02 01 02 03 01 01 02 03 02 01 01 02 03 03 03 02 01 04 04 02 02 03 01 02 02 03 01 01 02 02 04 04 03 04 03 04 02 04 01 02
CTHB012	5	04 04 02 04 04 04 01 02 04 01 04 04 03 04 04 03 01 01 04 04 03 02 01 03 02 01 02 03 01 01 02 03 02 01 01 02 03 03 03 02 01 04 04 02 02 03 01 02 02 03 01 01 02 03 04 04 03 04 03 04 02 04 01 02
CTHB013	5	04 04 02 04 04 04 01 02 04 01 04 04 03 04 04 03 01 01 04 04 03 02 01 03 02 01 02 03 01 01 02 03 02 01 01 02 03 03 03 02 01 04 04 02 02 03 01 02 02 03 01 01 02 02 04 04 03 04 03 04 02 04 01 02
CTHB013	5	04 04 02 04 04 04 01 02 04 01 04 04 03 04 04 03 01 01 04 04 03 02 01 03 02 01 02 03 01 01 02 03 02 01 01 02 03 03 03 02 01 04 04 02 02 03 01 02 02 03 01 01 02 03 04 04 03 04 03 04 02 04 01 02
CTHB014	5	04 04 02 04 04 04 01 02 04 01 04 04 03 04 04 03 01 01 04 04 03 02 01 03 02 01 02 03 01 01 02 03 02 01 01 02 03 03 03 02 01 04 04 02 02 03 01 02 02 03 01 01 02 02 04 04 03 04 03 04 02 04 01 02
CTHB014	5	04 04 02 04 04 04 01 02 04 01 04 04 03 04 04 03 01 01 04 04 03 02 01 03 02 01 02 03 01 01 02 03 02 01 01 02 03 03 03 02 01 04 04 02 02 03 01 02 02 03 01 01 02 03 04 04 03 04 03 04 02 04 01 02
CTHB015	5	04 04 02 04 04 04 01 02 04 01 04 04 03 04 04 03 01 01 04 04 03 02 01 03 02 01 02 03 01 01 02 03 02 01 01 02 03 03 03 02 01 04 04 02 02 03 01 02 02 03 01 01 02 02 04 04 03 04 03 04 02 04 01 02
CTHB015	5	04 04 02 04 04 04 01 02 04 01 04 04 03 04 04 03 01 01 04 04 03 02 01 03 02 01 02 03 01 01 02 03 02 01 01 02 03 03 03 02 01 04 04 02 02 03 01 02 02 03 01 01 02 03 04 04 03 04 03 04 02 04 01 02
CTHB016	5	04 04 02 04 04 04 01 02 04 01 04 04 03 04 04 03 01 01 04 04 03 02 01 03 02 01 02 03 01 01 02 03 02 01 01 02 03 03 03 02 01 04 04 02 02 03 01 02 02 03 01 01 02 02 04 04 03 04 03 04 02 04 01 02
CTHB016	5	04 04 02 04 04 04 01 02 04 01 04 04 03 04 04 03 01 01 04 04 03 02 01 03 02 01 02 03 01 01 02 03 02 01 01 02 03 03 03 02 01 04 04 02 02 03 01 02 02 03 01 01 02 03 04 04 03 04 03 04 02 04 01 02
CTHB017	5	04 04 02 04 04 04 01 02 04 01 04 04 03 04 04 03 01 01 04 04 03 02 01 03 02 01 02 03 01 01 02 03 02 01 01 02 03 03 03 02 01 04 04 02 02 03 01 02 02 03 01 01 02 02 04 04 03 04 03 04 02 04 01 02
CTHB017	5	04 04 02 04 04 04 01 02 04 01 04 04 03 04 04 03 01 01 04 04 03 02 01 03 02 01 02 03 01 01 02 03 02 01 01 02 03 03 03 02 01 04 04 02 02 03 01 02 02 03 01 01 02 03 04 04 03 04 03 04 02 04 01 02
CTHB018	5	04 04 02 04 04 04 01 02 04 01 04 04 03 04 04 03 01 01 04 04 03 02 01 03 02 01 02 03 01 01 02 03 02 01 01 02 03 03 03 02 01 04 04 02 02 03 01 02 02 03 01 01 02 02 04 04 03 04 03 04 02 04 01 02
CTHB018	5	04 04 02 04 04 04 01 02 04 01 04 04 03 04 04 03 01 01 04 04 03 02 01 03 02 01 02 03 01 01 02 03 02 01 01 02 03 03 03 02 01 04 04 02 02 03 01 02 02 03 01 01 02 03 04 04 03 04 03 04 02 04 01 02
CTHB019	5	04 04 02 04 04 04 01 02 04 01 04 04 03 04 04 03 01 01 04 04 03 02 01 03 02 01 02 03 01 01 02 03 02 01 01 02 03 03 03 02 01 04 04 02 02 03 01 02 02 03 01 01 02 02 04 04 03 04 03 04 02 04 01 02
CTHB019	5	04 04 02 04 04 04 01 02 04 01 04 04 03 04 04 03 01 01 04 04 03 02 01 03 02 01 02 03 01 01 02 03 02 01 01 02 03 03 03 02 01 04 04 02 02 03 01 02 02 03 01 01 02 03 04 04 03 04 03 04 02 04 01 02
CTHB020	5	04 04 02 04 04 04 01 02 04 01 04 04 03 04 04 03 01 01 04 04 03 02 01 03 02 01 02 03 01 01 02 03 02 01 01 02 03 03 03 02 01 04 04 02 02 03 01 02 02 03 01 01 02 02 04 04 03 04 03 04 02 04 01 02
CTHB020	5	04 04 02 04 04 04 01 02 04 01 04 04 03 04 04 03 01 01 04 04 03 02 01 03 02 01 02 03 01 01 02 03 02 01 01 02 03 03 03 02 01 04 04 02 02 03 01 02 02 03 01 01 02 03 04 04 03 04 03 04 02 04 01 02
CTHB021	5	04 04 02 04 04 04 01 02 04 01 04 04 03 04 04 03 01 01 04 04 03 02 01 03 02 01 02 03 01 01 02 03 02 01 01 02 03 03 03 02 01 04 04 02 02 03 01 02 02 03 01 01 02 02 04 04 03 04 03 04 02 04 01 02
CTHB021	5	04 04 02 04 04 04 01 02 04 01 04 04 03 04 04 03 01 01 04 04 03 02 01 03 02 01 02 03 01 01 02 03 02 01 01 02 03 03 03 02 01 04 04 02 02 03 01 02 02 03 01 01 02 03 04 04 03 04 03 04 02 04 01 02
CTHB022	5	04 04 02 04 04 04 01 02 04 01 04 04 03 04 04 03 01 01 04 04 03 02 01 03 02 01 02 03 01 01 02 03 02 01 01 02 03 03 03 02 01 04 04 02 02 03 01 02 02 03 01 01 02 02 04 04 03 04 03 04 02 04 01 02
CTHB022	5	04 04 02 04 04 04 01 02 04 01 04 04 03 04 04 03 01 01 04 04 03 02 01 03 02 01 02 03 01 01 02 03 02 01 01 02 03 03 03 02 01 04 04 02 02 03 01 02 02 03 01 01 02 03 04 04 03 04 03 04 02 04 01 02
CTHB023	5	04 04 02 04 04 04 01 02 04 01 04 04 03 04 04 03 01 01 04 04 03 02 01 03 02 01 02 03 01 01 02 03 02 01 01 02 03 03 03 02 01 04 04 02 02 03 01 02 02 03 01 01 02 02 04 04 03 04 03 04 02 04 01 02
CTHB023	5	04 04 02 04 04 04 01 02 04 01 04 04 03 04 04 03 01 01 04 04 03 02 01 03 02 01 02 03 01 01 02 03 02 01 01 02 03 03 03 02 01 04 04 02 02 03 01 02 02 03 01 01 02 03 04 04 03 04 03 04 02 04 01 02
CTHB024	5	04 04 02 04 04 04 01 02 04 01 04 04 03 04 04 03 01 01 04 04 03 02 01 03 02 01 02 03 01 01 02 03 02 01 01 02 03 03 03 02 01 04 04 02 02 03 01 02 02 03 01 01 02 02 04 04 03 04 03 04 02 04 01 02
CTHB024	5	04 04 02 04 04 04 01 02 04 01 04 04 03 04 04 03 01 01 04 04 03 02 01 03 02 01 02 03 01 01 02 03 02 01 01 02 03 03 03 02 01 04 04 02 02 03 01 02 02 03 01 01 02 03 04 04 03 04 03 04 02 04 01 02
CTHB025	5	04 04 02 04 04 04 01 02 04 01 04 04 03 04 04 03 01 01 04 04 03 02 01 03 02 01 02 03 01 01 02 03 02 01 01 02 03 03 03 02 01 04 04 02 02 03 01 02 02 03 01 01 02 02 04 04 03 04 03 04 02 04 01 02
CTHB025	5	04 04 02 04 04 04 01 02 04 01 04 04 03 04 04 03 01 01 04 04 03 02 01 03 02 01 02 03 01 01 02 03 02 01 01 02 03 03 03 02 01 04 04 02 02 03 01 02 02 03 01 01 02 03 04 04 03 04 03 04 02 04 01 02
CTHB026	5	04 04 02 04 04 04 01 02 04 01 04 04 03 04 04 03 01 01 04 04 03 02 01 03 02 01 02 03 01 01 02 03 02 01 01 02 03 03 03 02 01 04 04 02 02 03 01 02 02 03 01 01 02 02 04 04 03 04 03 04 02 04 01 02
CTHB026	5	04 04 02 04 04 04 01 02 04 01 04 04 03 04 04 03 01 01 04 04 03 02 01 03 02 01 02 03 01 01 02 03 02 01 01 02 03 03 03 02 01 04 04 02 02 03 01 02 02 03 01 01 02 03 04 04 03 04 03 04 02 04 01 02
CTHB027	5	04 04 02 04 04 04 01 02 04 01 04 04 03 04 04 03 01 01 04 04 03 02 01 03 02 01 02 03 01 01 02 03 02 01 01 02 03 03 03 02 01 04 04 02 02 03 01 02 02 03 01 01 02 02 04 04 03 04 03 04 02 04 01 02
CTHB027	5	04 04 02 04 04 04 01 02 04 01 04 04 03 04 04 03 01 01 04 04 03 02 01 03 02 01 02 03 01 01 02 03 02 01 01 02 03 03 03 02 01 04 04 02 02 03 01 02 02 03 01 01 02 03 04 04 03 04 03 04 02 04 01 02
CTHB028	5	04 04 02 04 04 04 01 02 04 01 04 04 03 04 04 03 01 01 04 04 03 02 01 03 02 01 02 03 01 01 02 03 02 01 01 02 03 03 03 02 01 04 04 02 02 03 01 02 02 03 01 01 02 02 04 04 03 04 03 04 02 04 01 02
CTHB028	5	04 04 02 04 04 04 01 02 04 01 04 04 03 04 04 03 01 01 04 04 03 02 01 03 02 01 02 03 01 01 02 03 02 01 01 02 03 03 03 02 01 04 04 02 02 03 01 02 02 03 01 01 02 03 04 04 03 04 03 04 02 04 01 02
CTHB029	5	04 04 02 04 04 04 01 02 04 01 04 04 03 04 04 03 01 01 04 04 03 02 01 03 02 01 02 03 01 01 02 03 02 01 01 02 03 03 03 02 01 04 04 02 02 03 01 02 02 03 01 01 02 02 04 04 03 04 03 04 02 04 01 02
CTHB029	5	04 04 02 04 04 04 01 02 04 01 04 04 03 04 04 03 01 01 04 04 03 02 01 03 02 01 02 03 01 01 02 03 02 01 01 02 03 03 03 02 01 04 04 02 02 03 01 02 02 03 01 01 02 03 04 04 03 04 03 04 02 04 01 02
CTHB030	5	04 04 02 04 04 04 01 02 04 01 04 04 03 04 04 03 01 01 04 04 03 02 01 03 02 01 02 03 01 01 02 03 02 01 01 02 03 03 03 02 01 04 04 02 02 03 01 02 02 03 01 01 02 02 04 04 03 04 03 04 02 04 01 02
CTHB030	5	04 04 02 04 04 04 01 02 04 01 04 04 03 04 04 03 01 01 04 04 03 02 01 03 02 01 02 03 01 01 02 03 02 01 01 02 03 03 03 02 01 04 04 02 02 03 01 02 02 03 01 01 02 03 04 04 03 04 03 04 02 04 01 02
CTHB031	5	04 04 02 04 04 04 01 02 04 01 04 04 03 04 04 03 01 01 04 04 03 02 01 03 02 01 02 03 01 01 02 03 02 01 01 02 03 03 03 02 01 04 04 02 02 03 01 02 02 03 01 01 02 02 04 04 03 04 03 04 02 04 01 02
CTHB031	5	04 04 02 04 04 04 01 02 04 01 04 04 03 04 04 03 01 01 04 04 03 02 01 03 02 01 02 03 01 01 02 03 02 01 01 02 03 03 03 02 01 04 04 02 02 03 01 02 02 03 01 01 02 03 04 04 03 04 03 04 02 04 01 02
CTHB032	5	04 04 02 04 04 04 01 02 04 01 04 04 03 04 04 03 01 01 04 04 03 02 01 03 02 01 02 03 01 01 02 03 02 01 01 02 03 03 03 02 01 04 04 02 02 03 01 02 02 03 01 01 02 02 04 04 03 04 03 04 02 04 01 02
CTHB032	5	04 04 02 04 04 04 01 02 04 01 04 04 03 04 04 03 01 01 04 04 03 02 01 03 02 01 02 03 01 01 02 03 02 01 01 02 03 03 03 02 01 04 04 02 02 03 01 02 02 03 01 01 02 03 04 04 03 04 03 04 02 04 01 02
CTHB033	5	04 04 02 04 04 04 01 02 04 01 04 04 03 04 04 03 01 01 04 04 03 02 01 03 02 01 02 03 01 01 02 03 02 01 01 02 03 03 03 02 01 04 04 02 02 03 01 02 02 03 01 01 02 02 04 04 03 04 03 04 02 04 01 02
CTHB033	5	04 04 02 04 04 04 01 02 04 01 04 04 03 04 04 03 01 01 04 04 03 02 01 03 02 01 02 03 01 01 02 03 02 01 01 02 03 03 03 02 01 04 04 02 02 03 01 02 02 03 01 01 02 03 04 04 03 04 03 04 02 04 01 02
CTHB034	5	04 04 02 04 04 04 01 02 04 01 04 04 03 04 04 03 01 01 04 04 03 02 01 03 02 01 02 03 01 01 02 03 02 01 01 02 03 03 03 02 01 04 04 02 02 03 01 02 02 03 01 01 02 02 04 04 03 04 03 04 02 04 01 02
CTHB034	5	04 04 02 04 04 04 01 02 04 01 04 04 03 04 04 03 01 01 04 04 03 02 01 03 02 01 02 03 01 01 02 03 02 01 01 02 03 03 03 02 01 04 04 02 02 03 01 02 02 03 01 01 02 03 04 04 03 04 03 04 02 04 01 02
CTHB035	5	04 04 02 04 04 04 01 02 04 01 04 04 03 04 04 03 01 01 04 04 03 02 01 03 02 01 02 03 01 01 02 03 02 01 01 02 03 03 03 02 01 04 04 02 02 03 01 02 02 03 01 01 02 02 04 04 03 04 03 04 02 04 01 02
CTHB035	5	04 04 02 04 04 04 01 02 04 01 04 04 03 04 04 03 01 01 04 04 03 02 01 03 02 01 02 03 01 01 02 03 02 01 01 02 03 03 03 02 01 04 04 02 02 03 01 02 02 03 01 01 02 03 04 04 03 04 03 04 02 04 01 02
CTHB036	5	04 04 02 04 04 04 01 02 04 01 04 04 03 04 04 03 01 01 04 04 03 02 01 03 02 01 02 03 01 01 02 03 02 01 01 02 03 03 03 02 01 04 04 02 02 03 01 02 02 03 01 01 02 02 04 04 03 04 03 04 02 04 01 02
CTHB036	5	04 04 02 04 04 04 01 02 04 01 04 04 03 04 04 03 01 01 04 04 03 02 01 03 02 01 02 03 01 01 02 03 02 01 01 02 03 03 03 02 01 04 04 02 02 03 01 02 02 03 01 01 02 03 04 04 03 04 03 04 02 04 01 02
CTHB037	5	04 04 02 04 04 04 01 02 04 01 04 04 03 04 04 03 01 01 04 04 03 02 01 03 02 01 02 03 01 01 02 03 02 01 01 02 03 03 03 02 01 04 04 02 02 03 01 02 02 03 01 01 02 02 04 04 03 04 03 04 02 04 01 02
CTHB037	5	04 04 02 04 04 04 01 02 04 01 04 04 03 04 04 03 01 01 04 04 03 02 01 03 02 01 02 03 01 01 02 03 02 01 01 02 03 03 03 02 01 04 04 02 02 03 01 02 02 03 01 01 02 03 04 04 03 04 03 04 02 04 01 02
CTHB038	5	04 04 02 04 04 04 01 02 04 01 04 04 03 04 04 03 01 01 04 04 03 02 01 03 02 01 02 03 01 01 02 03 02 01 01 02 03 03 03 02 01 04 04 02 02 03 01 02 02 03 01 01 02 02 04 04 03 04 03 04 02 04 01 02
CTHB038	5	04 04 02 04 04 04 01 02 04 01 04 04 03 04 04 03 01 01 04 04 03 02 01 03 02 01 02 03 01 01 02 03 02 01 01 02 03 03 03 02 01 04 04 02 02 03 01 02 02 03 01 01 02 03 04 04 03 04 03 04 02 04 01 02
CTHB039	5	04 04 02 04 04 04 01 02 04 01 04 04 03 04 04 03 01 01 04 04 03 02 01 03 02 01 02 03 01 01 02 03 02 01 01 02 03 03 03 02 01 04 04 02 02 03 01 02 02 03 01 01 02 02 04 04 03 04 03 04 02 04 01 02
CTHB039	5	04 04 02 04 04 04 01 02 04 01 04 04 03 04 04 03 01 01 04 04 03 02 01 03 02 01 02 03 01 01 02 03 02 01 01 02 03 03 03 02 01 04 04 02 02 03 01 02 02 03 01 01 02 03 04 04 03 04 03 04 02 04 01 02
CTHB040	5	04 04 02 04 04 04 01 02 04 01 04 04 03 04 04 03 01 01 04 04 03 02 01 03 02 01 02 03 01 01 02 03 02 01 01 02 03 03 03 02 01 04 04 02 02 03 01 02 02 03 01 01 02 02 04 04 03 04 03 04 02 04 01 02
CTHB040	5	04 04 02 04 04 04 01 02 04 01 04 04 03 04 04 03 01 01 04 04 03 02 01 03 02 01 02 03 01 01 02 03 02 01 01 02 03 03 03 02 01 04 04 02 02 03 01 02 02 03 01 01 02 03 04 04 03 04 03 04 02 04 01 02
CTHB041	5	04 04 02 04 04 04 01 02 04 01 04 04 03 04 04 03 01 01 04 04 03 02 01 03 02 01 02 03 01 01 02 03 02 01 01 02 03 03 03 02 01 04 04 02 02 03 01 02 02 03 01 01 02 02 04 04 03 04 03 04 02 04 01 02
CTHB041	5	04 04 02 04 04 04 01 02 04 01 04 04 03 04 04 03 01 01 04 04 03 02 01 03 02 01 02 03 01 01 02 03 02 01 01 02 03 03 03 02 01 04 04 02 02 03 01 02 02 03 01 01 02 03 04 04 03 04 03 04 02 04 01 02
GABB_1301	6	03 02 03 02 02 04 04 02 04 01 02 02 03 04 02 03 03 03 01 01 01 02 03 02 04 01 04 02 03 04 01 03 03 03 02 02 01 02 03 02 04 02 04 02 02 01 01 02 04 01 04 01 04 03 03 02 03 02 03 02 02 02 03 04
GABB_1301	6	03 02 03 02 02 04 04 02 04 01 02 02 03 04 02 03 03 03 01 04 01 02 03 02 04 03 04 02 03 04 01 03 03 03 02 02 03 02 03 02 04 02 04 02 02 01 01 02 04 01 04 02 04 03 03 02 03 04 03 02 02 02 03 04
