	SCTG7180000533591_7905GC SCTG7180000535360_4832TC SCTG7180000536012_760AG SCTG7180000541887_17531CT SCTG7180000542333_8207GC SCTG7180000545873_3318CT SCTG7180000549979_9596AC SCTG7180000553058_6371GA SCTG7180000553198_4339CT SCTG7180000556688_2595AG SCTG7180000557521_4509TC SCTG7180000561524_1362TA SCTG7180000562022_5175GC SCTG7180000565869_3163TC SCTG7180000566387_5793AG SCTG7180000569765_1433AG SCTG7180000583880_2574CT SCTG7180000603687_1802CT SCTG7180000611165_3561CT SCTG7180000611699_752AG SCTG7180000611891_1113GA SCTG7180000612634_2040TC SCTG7180000612720_3290AT SCTG7180000628127_1356AT SCTG7180000635502_1494TC SCTG7180000647964_1188AG SCTG7180000677108_749AT SCTG7180000678642_1484TC SCTG7180000682383_540TC SCTG7180000684565_981CT SCTG7180000717354_134AG SCTG7180000725834_2641CT SCTG7180000733470_640GC SCTG7180000844653_153TA SCTG7180000846368_789AG SCTG7180001057026_4442GA SCTG7180001057293_1417AG SCTG7180000531982_14467CA SCTG7180000532610_14667CT SCTG7180000532744_5405TC SCTG7180000534531_11968CG SCTG7180000536390_6120TC SCTG7180000536953_4769TG SCTG7180000537339_2135GA SCTG7180000539586_6310AT SCTG7180000540968_9812TC SCTG7180000543744_7319AG SCTG7180000544033_8226GC SCTG7180000546758_2639AG SCTG7180000551118_2381TG SCTG7180000554096_5503AC SCTG7180000556590_1391AG SCTG7180000557112_7099TC SCTG7180000560505_2795AG SCTG7180000566569_462AT SCTG7180000566957_2312TC SCTG7180000571636_5033TC SCTG7180000572504_3166CG SCTG7180000574637_2241TC SCTG7180000576929_1141GA SCTG7180000578506_4179GA SCTG7180000578534_6039CT SCTG7180000579975_3985TC SCTG7180000588781_1928AG SCTG7180000629308_1771TA SCTG7180000629677_2087AG SCTG7180000728197_2357AG SCTG7180000728936_897TC SCTG7180000736955_246AG SCTG7180000752917_410AG
WEE_01	1	03 04 01 02 03 02 01 03 02 01 04 04 03 04 01 01 04 04 02 01 03 04 01 01 04 01 01 04 04 02 03 02 03 04 01 01 01 02 02 04 02 04 04 01 01 04 01 03 01 03 01 01 04 01 01 04 04 02 02 01 03 02 04 01 04 01 03 04 01 01
WEE_01	1	03 04 01 02 03 02 01 03 02 01 04 04 03 04 01 01 04 04 02 01 03 04 01 01 04 01 01 04 04 02 03 02 03 04 01 01 01 02 02 04 02 04 04 01 01 04 01 03 01 03 01 01 04 01 01 04 04 02 02 01 03 02 04 01 04 01 03 04 01 01
WEE_02	1	03 04 01 02 03 02 01 03 02 01 04 04 03 04 01 01 02 04 02 01 03 04 01 01 04 01 01 04 04 02 03 02 03 04 01 01 01 02 02 04 02 04 04 01 01 04 01 03 01 03 01 01 04 01 01 04 04 02 02 01 03 02 04 01 04 01 03 04 01 01
WEE_02	1	03 04 01 02 03 02 01 03 02 01 04 04 03 04 01 01 04 04 02 01 03 04 01 01 04 01 01 04 04 02 03 02 03 04 01 01 01 02 02 04 02 04 04 01 01 04 01 03 01 03 01 01 04 01 01 04 04 02 02 01 03 02 04 01 04 01 03 04 01 01
WEE_03	1	03 04 01 02 03 02 01 03 02 01 04 04 03 04 01 01 04 04 02 01 03 04 01 01 04 01 01 04 04 02 03 02 03 04 01 01 01 02 02 04 02 04 04 01 01 04 01 03 01 03 01 01 04 01 01 04 04 02 02 01 03 02 04 01 04 01 03 04 01 01
WEE_03	1	03 04 01 02 03 02 01 03 02 01 04 04 03 04 01 01 04 04 02 01 03 04 01 01 04 01 01 04 04 02 03 02 03 04 01 01 01 02 02 04 02 04 04 01 01 04 01 03 01 03 01 01 04 01 01 04 04 02 02 01 03 02 04 01 04 01 03 04 01 01
WEE_04	1	03 04 01 02 03 02 01 03 02 01 04 04 03 04 01 01 04 04 02 01 03 04 01 01 04 01 01 04 04 02 03 02 03 04 01 01 01 02 02 04 02 04 04 01 01 04 01 03 01 03 01 01 04 01 01 04 04 02 02 01 03 02 04 01 04 01 03 04 01 01
WEE_04	1	03 04 01 02 03 02 01 03 02 01 04 04 03 04 01 01 04 04 02 01 03 04 01 01 04 01 01 04 04 02 03 02 03 04 01 01 01 02 02 04 02 04 04 01 01 04 01 03 01 03 01 01 04 01 01 04 04 02 02 01 03 02 04 01 04 01 03 04 01 01
WEE_05	1	03 04 01 02 03 02 01 03 02 01 04 04 03 04 01 01 04 04 02 01 03 04 01 01 04 01 01 04 04 02 03 02 03 04 01 01 01 02 02 04 02 04 04 01 01 04 01 03 01 03 01 01 04 01 01 04 04 02 02 01 03 02 04 01 04 01 03 04 01 01
WEE_05	1	03 04 01 02 03 02 01 03 02 01 04 04 03 04 01 01 04 04 02 01 03 04 01 01 04 01 01 04 04 02 03 02 03 04 01 01 01 02 02 04 02 04 04 01 01 04 01 03 01 03 01 01 04 01 01 04 04 02 02 01 03 02 04 01 04 01 03 04 01 01
WEE_06	1	03 04 01 02 03 02 01 03 02 01 04 04 03 04 01 01 04 04 02 01 03 04 01 01 04 01 01 04 04 02 03 02 03 04 01 01 01 02 02 04 02 04 04 01 01 04 01 03 01 03 01 01 04 01 01 04 04 02 02 01 03 02 04 01 04 01 03 04 01 01
WEE_06	1	03 04 01 02 03 02 01 03 02 01 04 04 03 04 01 01 04 04 02 01 03 04 01 01 04 01 01 04 04 02 03 02 03 04 01 01 01 02 02 04 02 04 04 01 01 04 01 03 01 03 01 01 04 01 01 04 04 02 02 01 03 02 04 01 04 01 03 04 01 01
WEE_08	1	03 04 01 02 03 02 01 03 02 01 04 04 03 04 01 01 04 04 02 01 03 04 01 01 04 01 01 04 04 02 03 02 03 04 01 01 01 02 02 04 02 04 04 01 01 04 01 03 01 03 01 01 04 01 01 04 04 02 02 01 03 02 04 01 04 01 03 04 01 01
WEE_08	1	03 04 01 02 03 02 01 03 02 01 04 04 03 04 01 01 04 04 02 01 03 04 01 01 04 01 01 04 04 02 03 02 03 04 01 01 01 02 02 04 02 04 04 01 01 04 01 03 01 03 01 01 04 01 01 04 04 02 02 01 03 02 04 01 04 01 03 04 01 01
WEE_10	1	03 04 01 02 03 02 01 03 02 01 04 04 03 04 01 01 04 04 02 01 03 04 01 01 04 01 01 04 04 02 03 02 03 04 01 01 01 02 02 04 02 04 04 01 01 04 01 03 01 03 01 01 04 01 01 04 04 02 02 01 03 02 04 01 04 01 03 04 01 01
WEE_10	1	03 04 01 02 03 02 01 03 02 01 04 04 03 04 01 01 04 04 02 01 03 04 01 01 04 01 01 04 04 02 03 02 03 04 01 01 01 02 02 04 02 04 04 01 01 04 01 03 01 03 01 01 04 01 01 04 04 02 02 01 03 02 04 01 04 01 03 04 01 01
WEE_11	1	03 04 01 02 03 02 01 03 02 01 04 04 03 04 01 01 04 04 02 01 03 04 01 01 04 01 01 04 04 02 03 02 03 04 01 01 01 02 02 04 02 04 04 01 01 04 01 03 01 03 01 01 04 01 01 04 04 02 02 01 03 02 04 01 04 01 03 04 01 01
WEE_11	1	03 04 01 02 03 02 01 03 02 01 04 04 03 04 01 01 04 04 02 01 03 04 01 01 04 01 01 04 04 02 03 02 03 04 01 01 01 02 02 04 02 04 04 01 01 04 01 03 01 03 01 01 04 01 01 04 04 02 02 01 03 02 04 01 04 01 03 04 01 01
WEE_12	1	03 04 01 02 03 02 01 03 02 01 04 04 03 04 01 01 04 04 02 01 03 04 01 01 04 01 01 04 04 02 03 02 03 04 01 01 01 02 02 04 02 04 04 01 01 04 01 03 01 03 01 01 04 01 01 04 04 02 02 01 03 02 04 01 04 01 03 04 01 01
WEE_12	1	03 04 01 02 03 02 01 03 02 01 04 04 03 04 01 01 04 04 02 01 03 04 01 01 04 01 01 04 04 02 03 02 03 04 01 01 01 02 02 04 02 04 04 01 01 04 01 03 01 03 01 01 04 01 01 04 04 02 02 01 03 02 04 01 04 01 03 04 01 01
WEE_13	1	03 04 01 02 03 02 01 03 02 01 04 04 03 04 01 01 02 04 02 01 03 04 01 01 04 01 01 04 04 02 03 02 03 04 01 01 01 02 02 04 02 04 04 01 01 04 01 03 01 03 01 01 04 01 01 04 04 02 02 01 03 02 04 01 04 01 03 04 01 01
WEE_13	1	03 04 01 02 03 02 01 03 02 01 04 04 03 04 01 01 04 04 02 01 03 04 01 01 04 01 01 04 04 02 03 02 03 04 01 01 01 02 02 04 02 04 04 01 01 04 01 03 01 03 01 01 04 01 01 04 04 02 02 01 03 02 04 01 04 01 03 04 01 01
WEE_14	1	03 04 01 02 03 02 01 03 02 01 04 04 03 04 01 01 04 04 02 01 03 04 01 01 04 01 01 04 04 02 03 02 03 04 01 01 01 02 02 04 02 04 04 01 01 04 01 03 01 03 01 01 04 01 01 04 04 02 02 01 03 02 04 01 04 01 03 04 01 01
WEE_14	1	03 04 01 02 03 02 01 03 02 01 04 04 03 04 01 01 04 04 02 01 03 04 01 01 04 01 01 04 04 02 03 02 03 04 01 01 01 02 02 04 02 04 04 01 01 04 01 03 01 03 01 01 04 01 01 04 04 02 02 01 03 02 04 01 04 01 03 04 01 01
WEE_16	1	03 04 01 02 03 02 01 03 02 01 04 04 03 04 01 01 04 04 02 01 03 04 01 01 04 01 01 04 04 02 03 02 03 04 01 01 01 02 02 04 02 04 04 01 01 04 01 03 01 03 01 01 04 01 01 04 04 02 02 01 03 02 04 01 04 01 03 04 01 01
WEE_16	1	03 04 01 02 03 02 01 03 02 01 04 04 03 04 01 01 04 04 02 01 03 04 01 01 04 01 01 04 04 02 03 02 03 04 01 01 01 02 02 04 02 04 04 01 01 04 01 03 01 03 01 01 04 01 01 04 04 02 02 01 03 02 04 01 04 01 03 04 01 01
WEE_17	1	03 04 01 02 03 02 01 03 02 01 04 04 03 04 01 01 04 04 02 01 03 04 01 01 04 01 01 04 04 02 03 02 03 04 01 01 01 02 02 04 02 04 04 01 01 04 01 03 01 03 01 01 04 01 01 04 04 02 02 01 03 02 04 01 04 01 03 04 01 01
WEE_17	1	03 04 01 02 03 02 01 03 02 01 04 04 03 04 01 01 04 04 02 01 03 04 01 01 04 01 01 04 04 02 03 02 03 04 01 01 01 02 02 04 02 04 04 01 01 04 01 03 01 03 01 01 04 01 01 04 04 02 02 01 03 02 04 01 04 01 03 04 01 01
WEE_18	1	03 04 01 02 03 02 01 03 02 01 04 04 03 04 01 01 04 04 02 01 03 04 01 01 04 01 01 04 04 02 03 02 03 04 01 01 01 02 02 04 02 04 04 01 01 04 01 03 01 03 01 01 04 01 01 04 04 02 02 01 03 02 04 01 04 01 03 04 01 01
WEE_18	1	03 04 01 02 03 02 01 03 02 01 04 04 03 04 01 01 04 04 02 01 03 04 01 01 04 01 01 04 04 02 03 02 03 04 01 01 01 02 02 04 02 04 04 01 01 04 01 03 01 03 01 01 04 01 01 04 04 02 02 01 03 02 04 01 04 01 03 04 01 01
WEE_19	1	03 04 01 02 03 02 01 03 02 01 04 04 03 04 01 01 04 04 02 01 03 04 01 01 04 01 01 04 04 02 03 02 03 04 01 01 01 02 02 04 02 04 04 01 01 04 01 03 01 03 01 01 04 01 01 04 04 02 02 01 03 02 04 01 04 01 03 04 01 01
WEE_19	1	03 04 01 02 03 02 01 03 02 01 04 04 03 04 01 01 04 04 02 01 03 04 01 01 04 01 01 04 04 02 03 02 03 04 01 01 01 02 02 04 02 04 04 01 01 04 01 03 01 03 01 01 04 01 01 04 04 02 02 01 03 02 04 01 04 01 03 04 01 01
WEE_20	1	03 04 01 02 03 02 01 03 02 01 04 04 03 04 01 01 04 04 02 01 03 04 01 01 04 01 01 04 04 02 03 02 03 04 01 01 01 02 02 04 02 04 04 01 01 04 01 03 01 03 01 01 04 01 01 04 04 02 02 01 03 02 04 01 04 01 03 04 01 01
WEE_20	1	03 04 01 02 03 02 01 03 02 01 04 04 03 04 01 01 04 04 02 01 03 04 01 01 04 01 01 04 04 02 03 02 03 04 01 01 01 02 02 04 02 04 04 01 01 04 01 03 01 03 01 01 04 01 01 04 04 02 02 01 03 02 04 01 04 01 03 04 01 01
WEE_21	1	03 04 01 02 03 02 01 03 02 01 04 04 03 04 01 01 04 04 02 01 03 04 01 01 04 01 01 04 04 02 03 02 03 04 01 01 01 02 02 04 02 04 04 01 01 04 01 03 01 03 01 01 04 01 01 04 04 02 02 01 03 02 04 01 04 01 03 04 01 01
WEE_21	1	03 04 01 02 03 02 01 03 02 01 04 04 03 04 01 01 04 04 02 01 03 04 01 01 04 01 01 04 04 02 03 02 03 04 01 01 01 02 02 04 02 04 04 01 01 04 01 03 01 03 01 01 04 01 01 04 04 02 02 01 03 02 04 01 04 01 03 04 01 01
WEE_22	1	03 04 01 02 03 02 01 03 02 01 04 04 03 04 01 01 04 04 02 01 03 04 01 01 04 01 01 04 04 02 03 02 03 04 01 01 01 02 02 04 02 04 04 01 01 04 01 03 01 03 01 01 04 01 01 04 04 02 02 01 03 02 04 01 04 01 03 04 01 01
WEE_22	1	03 04 01 02 03 02 01 03 02 01 04 04 03 04 01 01 04 04 02 01 03 04 01 01 04 01 01 04 04 02 03 02 03 04 01 01 01 02 02 04 02 04 04 01 01 04 01 03 01 03 01 01 04 01 01 04 04 02 02 01 03 02 04 01 04 01 03 04 01 01
WEE_23	1	03 04 01 02 03 02 01 03 02 01 04 04 03 04 01 01 04 04 02 01 03 04 01 01 04 01 01 04 04 02 03 02 03 04 01 01 01 02 02 04 02 04 04 01 01 04 01 03 01 03 01 01 04 01 01 04 04 02 02 01 03 02 04 01 04 01 03 04 01 01
WEE_23	1	03 04 01 02 03 02 01 03 02 01 04 04 03 04 01 01 04 04 02 01 03 04 01 01 04 01 01 04 04 02 03 02 03 04 01 01 01 02 02 04 02 04 04 01 01 04 01 03 01 03 01 01 04 01 01 04 04 02 02 01 03 02 04 01 04 01 03 04 01 01
WEE_39	1	03 04 01 02 03 02 01 03 02 01 04 04 03 04 01 01 04 04 02 01 03 04 01 01 04 01 01 04 04 02 03 02 03 04 01 01 01 02 02 04 02 04 04 01 01 04 01 03 01 03 01 01 04 01 01 04 04 02 02 01 03 02 04 01 04 01 03 04 01 01
WEE_39	1	03 04 01 02 03 02 01 03 02 01 04 04 03 04 01 01 04 04 02 01 03 04 01 01 04 01 01 04 04 02 03 02 03 04 01 01 01 02 02 04 02 04 04 01 01 04 01 03 01 03 01 01 04 01 01 04 04 02 02 01 03 02 04 01 04 01 03 04 01 01
WEE_40	1	03 04 01 02 03 02 01 03 02 01 04 04 03 04 01 01 04 04 02 01 03 04 01 01 04 01 01 04 04 02 03 02 03 04 01 01 01 02 02 04 02 04 04 01 01 04 01 03 01 03 01 01 04 01 01 04 04 02 02 01 03 02 04 01 04 01 03 04 01 01
WEE_40	1	03 04 01 02 03 02 01 03 02 01 04 04 03 04 01 01 04 04 02 01 03 04 01 01 04 01 01 04 04 02 03 02 03 04 01 01 01 02 02 04 02 04 04 01 01 04 01 03 01 03 01 01 04 01 01 04 04 02 02 01 03 02 04 01 04 01 03 04 01 01
WEE_41	1	03 04 01 02 03 02 01 03 02 01 04 04 03 04 01 01 04 04 02 01 03 04 01 01 04 01 01 04 04 02 03 02 03 04 01 01 01 02 02 04 02 04 04 01 01 04 01 03 01 03 01 01 04 01 01 04 04 02 02 01 03 02 04 01 04 01 03 04 01 01
WEE_41	1	03 04 01 02 03 02 01 03 02 01 04 04 03 04 01 01 04 04 02 01 03 04 01 01 04 01 01 04 04 02 03 02 03 04 01 01 01 02 02 04 02 04 04 01 01 04 01 03 01 03 01 01 04 01 01 04 04 02 02 01 03 02 04 01 04 01 03 04 01 01
WEE_42	1	03 04 01 02 03 02 01 03 02 01 04 04 03 04 01 01 04 04 02 01 03 04 01 01 04 01 01 04 04 02 03 02 03 04 01 01 01 02 02 04 02 04 04 01 01 04 01 03 01 03 01 01 04 01 01 04 04 02 02 01 03 02 04 01 04 01 03 04 01 01
WEE_42	1	03 04 01 02 03 02 01 03 02 01 04 04 03 04 01 01 04 04 02 01 03 04 01 01 04 01 01 04 04 02 03 02 03 04 01 01 01 02 02 04 02 04 04 01 01 04 01 03 01 03 01 01 04 01 01 04 04 02 02 01 03 02 04 01 04 01 03 04 01 01
WEE_45	1	03 04 01 02 03 02 01 03 02 01 04 04 03 04 01 01 04 04 02 01 03 04 01 01 04 01 01 04 04 02 03 02 03 04 01 01 01 02 02 04 02 04 04 01 01 04 01 03 01 03 01 01 04 01 01 04 04 02 02 01 03 02 04 01 04 01 03 04 01 01
WEE_45	1	03 04 01 02 03 02 01 03 02 01 04 04 03 04 01 01 04 04 02 01 03 04 01 01 04 01 01 04 04 02 03 02 03 04 01 01 01 02 02 04 02 04 04 01 01 04 01 03 01 03 01 01 04 01 01 04 04 02 02 01 03 02 04 01 04 01 03 04 01 01
WEE_47	1	03 04 01 02 03 02 01 03 02 01 04 04 03 04 01 01 04 04 02 01 03 04 01 01 04 01 01 04 04 02 03 02 03 04 01 01 01 02 02 04 02 04 04 01 01 04 01 03 01 03 01 01 04 01 01 04 04 02 02 01 03 02 04 01 04 01 03 04 01 01
WEE_47	1	03 04 01 02 03 02 01 03 02 01 04 04 03 04 01 01 04 04 02 01 03 04 01 01 04 01 01 04 04 02 03 02 03 04 01 01 01 02 02 04 02 04 04 01 01 04 01 03 01 03 01 01 04 01 01 04 04 02 02 01 03 02 04 01 04 01 03 04 01 01
WEE_49	1	03 04 01 02 03 02 01 03 02 01 04 04 03 04 01 01 04 04 02 01 03 04 01 01 04 01 01 04 04 02 03 02 03 04 01 01 01 02 02 04 02 04 04 01 01 04 01 03 01 03 01 01 04 01 01 04 04 02 02 01 03 02 04 01 04 01 03 04 01 01
WEE_49	1	03 04 01 02 03 02 01 03 02 01 04 04 03 04 01 01 04 04 02 01 03 04 01 01 04 01 01 04 04 02 03 02 03 04 01 01 01 02 02 04 02 04 04 01 01 04 01 03 01 03 01 01 04 01 01 04 04 02 02 01 03 02 04 01 04 01 03 04 01 01
WEE_54	1	03 04 01 02 03 02 01 03 02 01 04 04 03 04 01 01 04 04 02 01 03 04 01 01 04 01 01 04 04 02 03 02 03 04 01 01 01 02 02 04 02 04 04 01 01 04 01 03 01 03 01 01 04 01 01 04 04 02 02 01 03 02 04 01 04 01 03 04 01 01
WEE_54	1	03 04 01 02 03 02 01 03 02 01 04 04 03 04 01 01 04 04 02 01 03 04 01 01 04 01 01 04 04 02 03 02 03 04 01 01 01 02 02 04 02 04 04 01 01 04 01 03 01 03 01 01 04 01 01 04 04 02 02 01 03 02 04 01 04 01 03 04 01 01
WEE_55	1	03 04 01 02 03 02 01 03 02 01 04 04 03 04 01 01 04 04 02 01 03 04 01 01 04 01 01 04 04 02 03 02 03 04 01 01 01 02 02 04 02 04 04 01 01 04 01 03 01 03 01 01 04 01 01 04 04 02 02 01 03 02 04 01 04 01 03 04 01 01
WEE_55	1	03 04 01 02 03 02 01 03 02 01 04 04 03 04 01 01 04 04 02 01 03 04 01 01 04 01 01 04 04 02 03 02 03 04 01 01 01 02 02 04 02 04 04 01 01 04 01 03 01 03 01 01 04 01 01 04 04 02 02 01 03 02 04 01 04 01 03 04 01 01
WEE_56	1	03 04 01 02 03 02 01 03 02 01 04 04 03 04 01 01 04 04 02 01 03 04 01 01 04 01 01 04 04 02 03 02 03 04 01 01 01 02 02 04 02 04 04 01 01 04 01 03 01 03 01 01 04 01 01 04 04 02 02 01 03 02 04 01 04 01 03 04 01 01
WEE_56	1	03 04 01 02 03 02 01 03 02 01 04 04 03 04 01 01 04 04 02 01 03 04 01 01 04 01 01 04 04 02 03 02 03 04 01 01 01 02 02 04 02 04 04 01 01 04 01 03 01 03 01 01 04 01 01 04 04 02 02 01 03 02 04 01 04 01 03 04 01 01
WEEN_01	2	02 02 03 04 02 04 02 01 04 03 02 01 02 02 03 03 02 02 04 03 01 02 04 04 02 03 04 02 02 04 01 04 02 01 03 03 03 01 04 02 03 02 03 03 04 02 03 02 03 04 02 03 02 03 04 02 02 03 04 03 01 04 02 03 01 03 01 02 03 03
WEEN_01	2	02 02 03 04 02 04 02 01 04 03 02 01 02 02 03 03 02 02 04 03 01 02 04 04 02 03 04 02 02 04 01 04 02 01 03 03 03 01 04 02 03 02 03 03 04 02 03 02 03 04 02 03 02 03 04 02 02 03 04 03 01 04 02 03 01 03 01 02 03 03
WEEN_02	2	02 02 03 04 02 04 02 01 04 03 02 01 02 02 03 03 02 02 04 03 01 02 04 04 02 03 04 02 02 04 01 04 02 01 03 03 03 01 04 02 03 02 03 03 04 -9 03 02 03 04 02 03 02 03 04 02 02 03 04 03 01 04 02 03 01 03 01 02 03 03
WEEN_02	2	02 02 03 04 02 04 02 01 04 03 02 01 02 02 03 03 02 02 04 03 01 02 04 04 02 03 04 02 02 04 01 04 02 01 03 03 03 01 04 02 03 02 03 03 04 -9 03 02 03 04 02 03 02 03 04 02 02 03 04 03 01 04 02 03 01 03 01 02 03 03
WEEN_03	2	02 02 03 04 02 04 02 01 04 03 02 01 02 02 03 03 02 02 04 03 01 02 04 04 02 03 04 02 02 04 01 04 02 01 03 03 03 01 04 02 03 02 03 03 04 02 03 02 03 04 02 03 02 03 04 02 02 03 04 03 01 04 02 03 01 03 01 02 03 03
WEEN_03	2	02 02 03 04 02 04 02 01 04 03 02 01 02 02 03 03 02 02 04 03 01 02 04 04 02 03 04 02 02 04 01 04 02 01 03 03 03 01 04 02 03 02 03 03 04 02 03 02 03 04 02 03 02 03 04 02 02 03 04 03 01 04 02 03 01 03 01 02 03 03
WEEN_04	2	02 02 03 04 02 04 02 01 04 03 02 01 02 02 03 03 02 02 04 03 01 02 04 04 02 03 04 02 02 04 01 04 02 01 03 03 03 01 04 02 03 02 03 03 04 02 03 02 03 04 02 03 02 03 04 02 02 03 04 03 01 04 02 03 01 03 01 02 03 03
WEEN_04	2	02 02 03 04 02 04 02 01 04 03 02 01 02 02 03 03 02 02 04 03 01 02 04 04 02 03 04 02 02 04 01 04 02 01 03 03 03 01 04 02 03 02 03 03 04 02 03 02 03 04 02 03 02 03 04 02 02 03 04 03 01 04 02 03 01 03 01 02 03 03
WEEN_05	2	02 02 03 04 02 04 02 01 04 03 02 01 02 02 03 03 02 02 04 03 01 02 04 04 02 03 04 02 02 04 01 04 02 01 03 03 03 01 04 02 03 02 03 03 04 02 03 02 03 04 02 03 02 03 04 02 02 03 04 03 01 04 02 03 01 03 01 02 03 03
WEEN_05	2	02 02 03 04 02 04 02 01 04 03 02 01 02 02 03 03 02 02 04 03 01 02 04 04 02 03 04 02 02 04 01 04 02 01 03 03 03 01 04 02 03 02 03 03 04 02 03 02 03 04 02 03 02 03 04 02 02 03 04 03 01 04 02 03 01 03 01 02 03 03
WEEN_06	2	02 02 03 04 02 04 02 01 04 03 02 01 02 02 03 03 02 02 04 03 01 02 04 04 02 03 04 02 02 04 01 04 02 01 03 03 03 01 04 02 03 02 03 03 04 02 03 02 03 04 02 03 02 03 04 02 02 03 04 03 01 04 02 03 01 03 01 02 03 03
WEEN_06	2	02 02 03 04 02 04 02 01 04 03 02 01 02 02 03 03 02 02 04 03 01 02 04 04 02 03 04 02 02 04 01 04 02 01 03 03 03 01 04 02 03 02 03 03 04 02 03 02 03 04 02 03 02 03 04 02 02 03 04 03 01 04 02 03 01 03 01 02 03 03
WEEN_07	2	02 02 03 04 02 04 02 01 04 03 02 01 02 02 03 03 02 02 04 03 01 02 04 04 02 03 04 02 02 04 01 04 02 01 03 03 03 01 04 02 03 02 03 03 04 02 03 02 03 04 02 03 02 03 04 02 02 03 04 03 01 04 02 03 01 03 01 02 03 03
WEEN_07	2	02 02 03 04 02 04 02 01 04 03 02 01 02 02 03 03 02 02 04 03 01 02 04 04 02 03 04 02 02 04 01 04 02 01 03 03 03 01 04 02 03 02 03 03 04 02 03 02 03 04 02 03 02 03 04 02 02 03 04 03 01 04 02 03 01 03 01 02 03 03
WEEN_08	2	02 02 03 04 02 04 02 01 04 03 02 01 02 02 03 03 02 02 04 03 01 02 04 04 02 03 04 02 02 04 01 04 02 01 03 03 03 01 04 02 03 02 03 03 04 02 03 02 03 04 02 03 02 03 04 02 02 03 04 03 01 04 02 03 01 03 01 02 03 03
WEEN_08	2	02 02 03 04 02 04 02 01 04 03 02 01 02 02 03 03 02 02 04 03 01 02 04 04 02 03 04 02 02 04 01 04 02 01 03 03 03 01 04 02 03 02 03 03 04 02 03 02 03 04 02 03 02 03 04 02 02 03 04 03 01 04 02 03 01 03 01 02 03 03
WEEN_09	2	02 02 03 04 02 04 02 01 04 03 02 01 02 02 03 03 02 02 04 03 01 02 04 04 02 03 04 02 02 04 01 04 02 01 03 03 03 01 04 02 03 02 03 03 04 02 03 02 03 04 02 03 02 03 04 02 02 03 04 03 01 04 02 03 01 03 01 02 03 03
WEEN_09	2	02 02 03 04 02 04 02 01 04 03 02 01 02 02 03 03 02 02 04 03 01 02 04 04 02 03 04 02 02 04 01 04 02 01 03 03 03 01 04 02 03 02 03 03 04 02 03 02 03 04 02 03 02 03 04 02 02 03 04 03 01 04 02 03 01 03 01 02 03 03
WEEN_10	2	02 02 03 04 02 04 02 01 04 03 02 01 02 02 03 03 02 02 04 03 01 02 04 04 02 03 04 02 02 04 01 04 02 01 03 03 03 01 04 02 03 02 03 03 04 02 03 02 03 04 02 03 02 03 04 02 02 03 04 03 01 04 02 03 01 03 01 02 03 03
WEEN_10	2	02 02 03 04 02 04 02 01 04 03 02 01 02 02 03 03 02 02 04 03 01 02 04 04 02 03 04 02 02 04 01 04 02 01 03 03 03 01 04 02 03 02 03 03 04 02 03 02 03 04 02 03 02 03 04 02 02 03 04 03 01 04 02 03 01 03 01 02 03 03
WEEN_11	2	02 02 03 04 02 04 02 01 04 03 02 01 02 02 03 03 02 02 04 03 01 02 04 04 02 03 04 02 02 04 01 04 02 01 03 03 03 01 04 02 03 02 03 03 04 02 03 02 03 04 02 03 02 03 04 02 02 03 04 03 01 04 02 03 01 03 01 02 03 03
WEEN_11	2	02 02 03 04 02 04 02 01 04 03 02 01 02 02 03 03 02 02 04 03 01 02 04 04 02 03 04 02 02 04 01 04 02 01 03 03 03 01 04 02 03 02 03 03 04 02 03 02 03 04 02 03 02 03 04 02 02 03 04 03 01 04 02 03 01 03 01 02 03 03
WEEN_12	2	02 02 03 04 02 04 02 01 04 03 02 01 02 02 03 03 02 02 04 03 01 02 04 04 02 03 04 02 02 04 01 04 02 01 03 03 03 01 04 02 03 02 03 03 04 02 03 02 03 04 02 03 02 03 04 02 02 03 04 03 01 04 02 03 01 03 01 02 03 03
WEEN_12	2	02 02 03 04 02 04 02 01 04 03 02 01 02 02 03 03 02 02 04 03 01 02 04 04 02 03 04 02 02 04 01 04 02 01 03 03 03 01 04 02 03 02 03 03 04 02 03 02 03 04 02 03 02 03 04 02 02 03 04 03 01 04 02 03 01 03 01 02 03 03
WEEN_13	2	02 02 03 04 02 04 02 01 04 03 02 01 02 02 03 03 02 02 04 03 01 02 04 04 02 03 04 02 02 04 01 04 02 01 03 03 03 01 04 02 03 02 03 03 04 02 03 02 03 04 02 03 02 03 04 02 02 03 04 03 01 04 02 03 01 03 01 02 03 03
WEEN_13	2	02 02 03 04 02 04 02 01 04 03 02 01 02 02 03 03 02 02 04 03 01 02 04 04 02 03 04 02 02 04 01 04 02 01 03 03 03 01 04 02 03 02 03 03 04 02 03 02 03 04 02 03 02 03 04 02 02 03 04 03 01 04 02 03 01 03 01 02 03 03
WEEN_14	2	02 02 03 04 02 04 02 01 04 03 02 01 02 02 03 03 02 02 04 03 01 02 04 04 02 03 04 02 02 04 01 04 02 01 03 03 03 01 04 02 03 02 03 03 04 02 03 02 03 04 02 03 02 03 04 02 02 03 04 03 01 04 02 03 01 03 01 02 03 03
WEEN_14	2	02 02 03 04 02 04 02 01 04 03 02 01 02 02 03 03 02 02 04 03 01 02 04 04 02 03 04 02 02 04 01 04 02 01 03 03 03 01 04 02 03 02 03 03 04 02 03 02 03 04 02 03 02 03 04 02 02 03 04 03 01 04 02 03 01 03 01 02 03 03
WEEN_15	2	02 02 03 04 02 04 02 01 04 03 02 01 02 02 03 03 02 02 04 03 01 02 04 04 02 03 04 02 02 04 01 04 02 01 03 03 03 01 04 02 03 02 03 03 04 02 03 02 03 04 02 03 02 03 04 02 02 03 04 03 01 04 02 03 01 03 01 02 03 03
WEEN_15	2	02 02 03 04 02 04 02 01 04 03 02 01 02 02 03 03 02 02 04 03 01 02 04 04 02 03 04 02 02 04 01 04 02 01 03 03 03 01 04 02 03 02 03 03 04 02 03 02 03 04 02 03 02 03 04 02 02 03 04 03 01 04 02 03 01 03 01 02 03 03
WEEN_16	2	02 02 03 04 02 04 02 01 04 03 02 01 02 02 03 03 02 02 04 03 01 02 04 04 02 03 04 02 02 04 01 04 02 01 03 03 03 01 04 02 03 02 03 03 04 02 03 02 03 04 02 03 02 03 04 02 02 03 04 03 01 04 02 03 01 03 01 02 03 03
WEEN_16	2	02 02 03 04 02 04 02 01 04 03 02 01 02 02 03 03 02 02 04 03 01 02 04 04 02 03 04 02 02 04 01 04 02 01 03 03 03 01 04 02 03 02 03 03 04 02 03 02 03 04 02 03 02 03 04 02 02 03 04 03 01 04 02 03 01 03 01 02 03 03
WEEN_17	2	02 02 03 04 02 04 02 01 04 03 02 01 02 02 03 03 02 02 04 03 01 02 04 04 02 03 04 02 02 04 01 04 02 01 03 03 03 01 04 02 03 02 03 03 04 02 03 02 03 04 02 03 02 03 04 02 02 03 04 03 01 04 02 03 01 03 01 02 03 03
WEEN_17	2	02 02 03 04 02 04 02 01 04 03 02 01 02 02 03 03 02 02 04 03 01 02 04 04 02 03 04 02 02 04 01 04 02 01 03 03 03 01 04 02 03 02 03 03 04 02 03 02 03 04 02 03 02 03 04 02 02 03 04 03 01 04 02 03 01 03 01 02 03 03
WEEN_18	2	02 02 03 04 02 04 02 01 04 03 02 01 02 02 03 03 02 02 04 03 01 02 04 04 02 03 04 02 02 04 01 04 02 01 03 03 03 01 04 02 03 02 03 03 04 02 03 02 03 04 02 03 02 03 04 02 02 03 04 03 01 04 02 03 01 03 01 02 03 03
WEEN_18	2	02 02 03 04 02 04 02 01 04 03 02 01 02 02 03 03 02 02 04 03 01 02 04 04 02 03 04 02 02 04 01 04 02 01 03 03 03 01 04 02 03 02 03 03 04 02 03 02 03 04 02 03 02 03 04 02 02 03 04 03 01 04 02 03 01 03 01 02 03 03
WEEN_19	2	02 02 03 04 02 04 02 01 04 03 02 01 02 02 03 03 02 02 04 03 01 02 04 04 02 03 04 02 02 04 01 04 02 01 03 03 03 01 04 02 03 02 03 03 04 02 03 02 03 04 02 03 02 03 04 02 02 03 04 03 01 04 02 03 01 03 01 02 03 03
WEEN_19	2	02 02 03 04 02 04 02 01 04 03 02 01 02 02 03 03 02 02 04 03 01 02 04 04 02 03 04 02 02 04 01 04 02 01 03 03 03 01 04 02 03 02 03 03 04 02 03 02 03 04 02 03 02 03 04 02 02 03 04 03 01 04 02 03 01 03 01 02 03 03
WEEN_20	2	02 02 03 04 02 04 02 01 04 03 02 01 02 02 03 03 02 02 04 03 01 02 04 04 02 03 04 02 02 04 01 04 02 01 03 03 03 01 04 02 03 02 03 03 04 02 03 02 03 04 02 03 02 03 04 02 02 03 04 03 01 04 02 03 01 03 01 02 03 03
WEEN_20	2	02 02 03 04 02 04 02 01 04 03 02 01 02 02 03 03 02 02 04 03 01 02 04 04 02 03 04 02 02 04 01 04 02 01 03 03 03 01 04 02 03 02 03 03 04 02 03 02 03 04 02 03 02 03 04 02 02 03 04 03 01 04 02 03 01 03 01 02 03 03
WEEN_21	2	02 02 03 04 02 04 02 01 04 03 02 01 02 02 03 03 02 02 04 03 01 02 04 04 02 03 04 02 02 04 01 04 02 01 03 03 03 01 04 02 03 02 03 03 04 02 03 02 03 04 02 03 02 03 04 02 02 03 04 03 01 04 02 03 01 03 01 02 03 03
WEEN_21	2	02 02 03 04 02 04 02 01 04 03 02 01 02 02 03 03 02 02 04 03 01 02 04 04 02 03 04 02 02 04 01 04 02 01 03 03 03 01 04 02 03 02 03 03 04 02 03 02 03 04 02 03 02 03 04 02 02 03 04 03 01 04 02 03 01 03 01 02 03 03
WEEN_22	2	02 02 03 04 02 04 02 01 04 03 02 01 02 02 03 03 02 02 04 03 01 02 04 04 02 03 04 02 02 04 01 04 02 01 03 03 03 01 04 02 03 02 03 03 04 02 03 02 03 04 02 03 02 03 04 02 02 03 04 03 01 04 02 03 01 03 01 02 03 03
WEEN_22	2	02 02 03 04 02 04 02 01 04 03 02 01 02 02 03 03 02 02 04 03 01 02 04 04 02 03 04 02 02 04 01 04 02 01 03 03 03 01 04 02 03 02 03 03 04 02 03 02 03 04 02 03 02 03 04 02 02 03 04 03 01 04 02 03 01 03 01 02 03 03
WEEN_23	2	02 02 03 04 02 04 02 01 04 03 02 01 02 02 03 03 02 02 04 03 01 02 04 04 02 03 04 02 02 04 01 04 02 01 03 03 03 01 04 02 03 02 03 03 04 02 03 02 03 04 02 03 02 03 04 02 02 03 04 03 01 04 02 03 01 03 01 02 03 03
WEEN_23	2	02 02 03 04 02 04 02 01 04 03 02 01 02 02 03 03 02 02 04 03 01 02 04 04 02 03 04 02 02 04 01 04 02 01 03 03 03 01 04 02 03 02 03 03 04 02 03 02 03 04 02 03 02 03 04 02 02 03 04 03 01 04 02 03 01 03 01 02 03 03
WEEN_24	2	02 02 03 04 02 04 02 01 04 03 02 01 02 02 03 03 02 02 04 03 01 02 04 04 02 03 04 02 02 04 01 04 02 01 03 03 03 01 04 02 03 02 03 03 04 02 03 02 03 04 02 03 02 03 04 02 02 03 04 03 01 04 02 03 01 03 01 02 03 03
WEEN_24	2	02 02 03 04 02 04 02 01 04 03 02 01 02 02 03 03 02 02 04 03 01 02 04 04 02 03 04 02 02 04 01 04 02 01 03 03 03 01 04 02 03 02 03 03 04 02 03 02 03 04 02 03 02 03 04 02 02 03 04 03 01 04 02 03 01 03 01 02 03 03
WEEN_25	2	02 02 03 04 02 04 02 01 04 03 02 01 02 02 03 03 02 02 04 03 01 02 04 04 02 03 04 02 02 04 01 04 02 01 03 03 03 01 04 02 03 02 03 03 04 02 03 02 03 04 02 03 02 03 04 02 02 03 04 03 01 04 02 03 01 03 01 02 03 03
WEEN_25	2	02 02 03 04 02 04 02 01 04 03 02 01 02 02 03 03 02 02 04 03 01 02 04 04 02 03 04 02 02 04 01 04 02 01 03 03 03 01 04 02 03 02 03 03 04 02 03 02 03 04 02 03 02 03 04 02 02 03 04 03 01 04 02 03 01 03 01 02 03 03
WEEN_26	2	02 02 03 04 02 04 02 01 04 03 02 01 02 02 03 03 02 02 04 03 01 02 04 04 02 03 04 02 02 04 01 04 02 01 03 03 03 01 04 02 03 02 03 03 04 02 03 02 03 04 02 03 02 03 04 02 02 03 04 03 01 04 02 03 01 03 01 02 03 03
WEEN_26	2	02 02 03 04 02 04 02 01 04 03 02 01 02 02 03 03 02 02 04 03 01 02 04 04 02 03 04 02 02 04 01 04 02 01 03 03 03 01 04 02 03 02 03 03 04 02 03 02 03 04 02 03 02 03 04 02 02 03 04 03 01 04 02 03 01 03 01 02 03 03
WEEN_27	2	02 02 03 04 02 04 02 01 04 03 02 01 02 02 03 03 02 02 04 03 01 02 04 04 02 03 04 02 02 04 01 04 02 01 03 03 03 01 04 02 03 02 03 03 04 02 03 02 03 04 02 03 02 03 04 02 02 03 04 03 01 04 02 03 01 03 01 02 03 03
WEEN_27	2	02 02 03 04 02 04 02 01 04 03 02 01 02 02 03 03 02 02 04 03 01 02 04 04 02 03 04 02 02 04 01 04 02 01 03 03 03 01 04 02 03 02 03 03 04 02 03 02 03 04 02 03 02 03 04 02 02 03 04 03 01 04 02 03 01 03 01 02 03 03
WEEN_28	2	02 02 03 04 02 04 02 01 04 03 02 01 02 02 03 03 02 02 04 03 01 02 04 04 02 03 04 02 02 04 01 04 02 01 03 03 03 01 04 02 03 02 03 03 04 02 03 02 03 04 02 03 02 03 04 02 02 03 04 03 01 04 02 03 01 03 01 02 03 03
WEEN_28	2	02 02 03 04 02 04 02 01 04 03 02 01 02 02 03 03 02 02 04 03 01 02 04 04 02 03 04 02 02 04 01 04 02 01 03 03 03 01 04 02 03 02 03 03 04 02 03 02 03 04 02 03 02 03 04 02 02 03 04 03 01 04 02 03 01 03 01 02 03 03
WEEN_29	2	02 02 03 04 02 04 02 01 04 03 02 01 02 02 03 03 02 02 04 03 01 02 04 04 02 03 04 02 02 04 01 04 02 01 03 03 03 01 04 02 03 02 03 03 04 02 03 02 03 04 02 03 02 03 04 02 02 03 04 03 01 04 02 03 01 03 01 02 03 03
WEEN_29	2	02 02 03 04 02 04 02 01 04 03 02 01 02 02 03 03 02 02 04 03 01 02 04 04 02 03 04 02 02 04 01 04 02 01 03 03 03 01 04 02 03 02 03 03 04 02 03 02 03 04 02 03 02 03 04 02 02 03 04 03 01 04 02 03 01 03 01 02 03 03
WEEN_30	2	02 02 03 04 02 04 02 01 04 03 02 01 02 02 03 03 02 02 04 03 01 02 04 04 02 03 04 02 02 04 01 04 02 01 03 03 03 01 04 02 03 02 03 03 04 02 03 02 03 04 02 03 02 03 04 02 02 03 04 03 01 04 02 03 01 03 01 02 03 03
WEEN_30	2	02 02 03 04 02 04 02 01 04 03 02 01 02 02 03 03 02 02 04 03 01 02 04 04 02 03 04 02 02 04 01 04 02 01 03 03 03 01 04 02 03 02 03 03 04 02 03 02 03 04 02 03 02 03 04 02 02 03 04 03 01 04 02 03 01 03 01 02 03 03
WLE19_018	3	02 04 01 04 03 04 02 01 02 01 02 01 03 04 01 01 02 02 02 01 01 02 01 01 02 01 01 02 04 02 03 02 02 01 01 01 03 01 02 02 02 02 03 03 01 04 01 02 01 03 01 01 02 01 01 02 02 02 02 01 03 02 02 01 01 01 01 02 01 03
WLE19_018	3	02 04 03 04 03 04 02 03 04 03 04 04 03 04 03 03 04 02 04 01 03 04 04 04 02 01 04 04 04 04 03 04 03 01 03 01 03 02 04 04 03 02 03 03 04 04 01 03 03 03 02 03 04 01 04 04 04 03 04 03 03 02 04 03 04 03 01 02 01 03
WLE19_019	3	03 04 01 02 03 02 01 03 02 01 04 04 03 04 01 01 04 04 02 01 03 04 01 01 04 01 01 04 04 02 03 02 03 04 01 01 01 02 02 04 02 04 04 01 01 04 01 03 01 03 01 01 04 01 01 04 04 02 02 01 03 02 04 01 04 01 03 04 01 01
WLE19_019	3	03 04 01 02 03 02 01 03 02 01 04 04 03 04 01 01 04 04 02 01 03 04 01 01 04 01 01 04 04 02 03 02 03 04 01 01 01 02 02 04 02 04 04 01 01 04 01 03 01 03 01 01 04 01 01 04 04 02 02 01 03 02 04 03 04 01 03 04 01 01
WLE19_020	3	03 04 01 02 03 02 01 03 02 01 04 04 03 04 01 01 02 04 02 01 03 04 01 01 04 01 01 04 04 02 03 02 03 04 01 01 01 02 02 04 02 04 04 01 01 04 01 03 01 03 01 01 04 01 01 04 04 02 02 01 03 02 04 01 04 01 03 04 01 01
WLE19_020	3	03 04 01 02 03 02 01 03 02 01 04 04 03 04 01 01 04 04 02 01 03 04 01 01 04 01 01 04 04 02 03 02 03 04 01 01 01 02 02 04 02 04 04 01 01 04 01 03 01 03 01 01 04 01 01 04 04 02 02 01 03 02 04 03 04 01 03 04 01 01
WLE19_021	3	03 04 01 02 03 02 01 03 02 01 04 04 03 04 01 01 02 04 02 01 03 04 01 01 04 01 01 04 04 02 03 02 03 04 01 01 01 02 02 04 02 04 04 01 01 04 01 03 01 03 01 01 04 01 01 04 04 02 02 01 03 02 04 01 04 01 03 04 01 01
WLE19_021	3	03 04 01 02 03 02 01 03 02 01 04 04 03 04 01 01 04 04 02 01 03 04 01 01 04 01 01 04 04 02 03 02 03 04 01 01 01 02 02 04 02 04 04 01 01 04 01 03 01 03 01 01 04 01 01 04 04 02 02 01 03 02 04 01 04 01 03 04 01 01
WLE19_022	3	03 04 01 02 03 02 01 03 02 01 04 04 03 04 01 01 04 04 02 01 03 04 01 01 04 01 01 04 04 02 03 02 03 04 01 01 01 02 02 04 02 04 04 01 01 04 01 03 01 03 01 01 04 01 01 04 04 02 02 01 03 02 04 01 04 01 03 04 01 01
WLE19_022	3	03 04 01 02 03 02 01 03 02 01 04 04 03 04 01 01 04 04 02 01 03 04 01 01 04 01 01 04 04 02 03 02 03 04 01 01 01 02 02 04 02 04 04 01 01 04 01 03 01 03 01 01 04 01 01 04 04 02 02 01 03 02 04 01 04 01 03 04 01 01
WLE19_023	3	03 04 01 02 03 02 01 03 02 01 04 04 03 04 01 01 04 04 02 01 03 04 01 01 04 01 01 04 04 02 03 02 03 04 01 01 01 02 02 04 02 04 04 01 01 04 01 03 01 03 01 01 04 01 01 04 04 02 02 01 03 02 04 01 04 01 03 04 01 01
WLE19_023	3	03 04 01 02 03 02 01 03 02 01 04 04 03 04 01 01 04 04 02 01 03 04 01 01 04 01 01 04 04 02 03 02 03 04 01 01 01 02 02 04 02 04 04 01 01 04 01 03 01 03 01 01 04 01 01 04 04 02 02 01 03 02 04 01 04 01 03 04 01 01
WLE19_024	3	03 04 01 02 03 02 01 03 02 01 04 04 03 04 01 01 04 04 02 01 03 04 01 01 04 01 01 04 04 02 03 02 03 04 01 01 01 02 02 04 02 04 04 01 01 04 01 03 01 03 01 01 04 01 01 04 04 02 02 01 03 02 04 01 04 01 03 04 01 01
WLE19_024	3	03 04 01 02 03 02 01 03 02 01 04 04 03 04 01 01 04 04 02 01 03 04 01 01 04 01 01 04 04 02 03 02 03 04 01 01 01 02 02 04 02 04 04 01 01 04 01 03 01 03 01 01 04 01 01 04 04 02 02 01 03 02 04 01 04 01 03 04 01 01
WLE19_025	3	03 04 01 02 03 02 01 03 02 01 04 04 03 04 01 01 04 04 02 01 03 04 01 01 04 01 01 04 04 02 03 02 03 04 01 01 01 02 02 04 02 04 04 01 01 04 01 03 01 03 01 01 04 01 01 04 04 02 02 01 03 02 04 01 04 01 03 04 01 01
WLE19_025	3	03 04 01 02 03 02 01 03 02 01 04 04 03 04 01 01 04 04 02 01 03 04 01 01 04 01 01 04 04 02 03 02 03 04 01 01 01 02 02 04 02 04 04 01 01 04 01 03 01 03 01 01 04 01 01 04 04 02 02 01 03 02 04 01 04 01 03 04 01 01
WLE19_026	3	03 04 01 02 03 02 01 03 02 01 04 04 03 04 01 01 04 04 02 01 03 04 01 01 04 01 01 04 04 02 03 02 03 04 01 01 01 02 02 04 02 04 04 01 01 04 01 03 01 03 01 01 04 01 01 04 04 02 02 01 03 02 04 01 04 01 03 04 01 01
WLE19_026	3	03 04 01 02 03 02 01 03 02 01 04 04 03 04 01 01 04 04 02 01 03 04 01 01 04 01 01 04 04 02 03 02 03 04 01 01 01 02 02 04 02 04 04 01 01 04 01 03 01 03 01 01 04 01 01 04 04 02 02 01 03 02 04 01 04 01 03 04 01 01
WLE19_027	3	03 04 01 02 03 02 01 03 02 01 04 04 03 04 01 01 04 04 02 01 03 04 01 01 04 01 01 04 04 02 03 02 03 04 01 01 01 02 02 04 02 04 04 01 01 04 01 03 01 03 01 01 04 01 01 04 04 02 02 01 03 02 04 01 04 01 03 04 01 01
WLE19_027	3	03 04 01 02 03 02 01 03 02 01 04 04 03 04 01 01 04 04 02 01 03 04 01 01 04 01 01 04 04 02 03 02 03 04 01 01 01 02 02 04 02 04 04 01 01 04 01 03 01 03 01 01 04 01 01 04 04 02 02 01 03 02 04 01 04 01 03 04 01 01
WLE19_028	3	03 04 01 02 03 02 01 03 02 01 04 04 03 04 01 01 04 04 02 01 03 04 01 01 04 01 01 04 04 02 03 02 03 04 01 01 01 02 02 04 02 04 04 01 01 04 01 03 01 03 01 01 04 01 01 04 04 02 02 01 03 02 04 01 04 01 03 04 01 01
WLE19_028	3	03 04 01 02 03 02 01 03 02 01 04 04 03 04 01 01 04 04 02 01 03 04 01 01 04 01 01 04 04 02 03 02 03 04 01 01 01 02 02 04 02 04 04 01 01 04 01 03 01 03 01 01 04 01 01 04 04 02 02 01 03 02 04 01 04 01 03 04 01 01
