

----------------------------------------------------
STRUCTURE by Pritchard, Stephens and Donnelly (2000)
     and Falush, Stephens and Pritchard (2003)
       Code by Pritchard, Falush and Hubisz
             Version 2.3.4 (Jul 2012)
----------------------------------------------------



Input File:    WB166_SNP426_structure_input

Run parameters:
   166 individuals
   426 loci
   6 populations assumed
   50 Burn-in period
   500 Reps


--------------------------------------------
Proportion of membership of each pre-defined
 population in each of the 6 clusters

Given    Inferred Clusters                            Number of
 Pop       1      2      3      4      5      6      Individuals

  1:     0.086  0.023  0.057  0.644  0.063  0.127       36
  2:     0.120  0.388  0.128  0.080  0.194  0.090       30
  3:     0.092  0.367  0.128  0.039  0.305  0.069       25
  4:     0.060  0.736  0.056  0.037  0.055  0.056       28
  5:     0.084  0.146  0.124  0.066  0.510  0.071       13
  6:     0.211  0.042  0.219  0.182  0.073  0.272       34
--------------------------------------------

Allele-freq. divergence among pops (Net nucleotide distance),
computed using point estimates of P.

      1       2       3       4       5       6      
 1      -    0.0225  0.0001  0.0082  0.0038  0.0001  
 2   0.0225     -    0.0226  0.0323  0.0204  0.0234  
 3   0.0001  0.0226     -    0.0086  0.0037  0.0002  
 4   0.0082  0.0323  0.0086     -    0.0134  0.0078  
 5   0.0038  0.0204  0.0037  0.0134     -    0.0044  
 6   0.0001  0.0234  0.0002  0.0078  0.0044     -    

Average distances (expected heterozygosity) between individuals in same cluster:
cluster  1  : 0.2271 
cluster  2  : 0.1889 
cluster  3  : 0.2267 
cluster  4  : 0.1931 
cluster  5  : 0.2186 
cluster  6  : 0.2269 

--------------------------------------------
Estimated Ln Prob of Data   = -568105.3
Mean value of ln likelihood = -46987.0
Variance of ln likelihood   = 1042236.7
Mean value of alpha         = 0.3950

Mean value of Fst_1         = 0.0100
Mean value of Fst_2         = 0.2061
Mean value of Fst_3         = 0.0130
Mean value of Fst_4         = 0.1152
Mean value of Fst_5         = 0.0748
Mean value of Fst_6         = 0.0127


Inferred ancestry of individuals:
        Label (%Miss) Pop:  Inferred clusters (and 94% probability intervals)
  1 DOM114.S103    (1)    1 :  0.141 0.029 0.029 0.569 0.098 0.133     (0.000,0.372) (0.000,0.214) (0.000,0.148) (0.005,0.996) (0.000,0.466) (0.000,0.824) 
  2 DOM116.S105    (0)    1 :  0.132 0.036 0.067 0.669 0.019 0.077     (0.000,0.527) (0.000,0.109) (0.000,0.306) (0.212,0.951) (0.000,0.149) (0.000,0.283) 
  3 DOM117.S106    (1)    1 :  0.153 0.020 0.186 0.518 0.049 0.073     (0.000,0.354) (0.000,0.141) (0.021,0.399) (0.113,0.803) (0.000,0.269) (0.000,0.538) 
  4 DOM118.S107    (0)    1 :  0.117 0.045 0.038 0.618 0.030 0.152     (0.000,0.271) (0.000,0.135) (0.000,0.316) (0.105,0.945) (0.000,0.105) (0.000,0.591) 
  5 DOM119.S17    (0)    1 :  0.030 0.017 0.033 0.735 0.050 0.135     (0.000,0.135) (0.000,0.098) (0.000,0.152) (0.389,0.996) (0.000,0.272) (0.000,0.381) 
  6 DOM122.S109    (3)    1 :  0.034 0.026 0.069 0.516 0.022 0.332     (0.000,0.182) (0.000,0.183) (0.000,0.252) (0.202,0.767) (0.000,0.125) (0.041,0.616) 
  7 DOM123.S110    (3)    1 :  0.162 0.010 0.115 0.501 0.019 0.192     (0.003,0.487) (0.000,0.102) (0.000,0.610) (0.000,0.917) (0.000,0.103) (0.001,0.849) 
  8 DOM124.S111    (0)    1 :  0.134 0.036 0.030 0.628 0.068 0.104     (0.000,0.307) (0.000,0.260) (0.000,0.160) (0.249,0.894) (0.000,0.251) (0.000,0.366) 
  9 DOM125.S104    (2)    1 :  0.024 0.022 0.120 0.628 0.038 0.168     (0.000,0.203) (0.000,0.180) (0.000,0.445) (0.222,0.940) (0.000,0.186) (0.004,0.432) 
 10 DOM126.S105    (1)    1 :  0.088 0.025 0.051 0.704 0.090 0.041     (0.000,0.308) (0.000,0.116) (0.000,0.267) (0.093,1.000) (0.000,0.409) (0.000,0.205) 
 11 DOM127.S106    (5)    1 :  0.040 0.008 0.034 0.608 0.011 0.299     (0.000,0.184) (0.000,0.050) (0.000,0.203) (0.132,0.981) (0.000,0.075) (0.014,0.802) 
 12 DOM128.S107    (3)    1 :  0.177 0.031 0.055 0.547 0.087 0.103     (0.000,0.507) (0.000,0.146) (0.000,0.263) (0.002,0.974) (0.000,0.397) (0.000,0.421) 
 13 DOM129.S18    (0)    1 :  0.078 0.041 0.079 0.618 0.048 0.135     (0.000,0.252) (0.000,0.153) (0.000,0.496) (0.165,0.950) (0.000,0.252) (0.000,0.530) 
 14 DOM130.S109    (7)    1 :  0.035 0.023 0.037 0.735 0.056 0.114     (0.000,0.121) (0.000,0.174) (0.000,0.157) (0.291,0.950) (0.000,0.191) (0.000,0.295) 
 15 DOM131.S110    (1)    1 :  0.058 0.021 0.018 0.800 0.067 0.036     (0.000,0.175) (0.000,0.092) (0.000,0.106) (0.534,0.988) (0.000,0.243) (0.000,0.196) 
 16 DOM132.S111    (5)    1 :  0.106 0.033 0.075 0.591 0.017 0.176     (0.000,0.367) (0.000,0.173) (0.000,0.234) (0.040,0.932) (0.000,0.106) (0.000,0.790) 
 17 DOM133.S104    (4)    1 :  0.073 0.008 0.033 0.604 0.023 0.259     (0.000,0.202) (0.000,0.045) (0.000,0.144) (0.081,0.963) (0.000,0.093) (0.000,0.805) 
 18 DOM134.S105    (1)    1 :  0.040 0.035 0.041 0.707 0.116 0.061     (0.000,0.280) (0.000,0.120) (0.000,0.204) (0.211,0.908) (0.006,0.244) (0.000,0.249) 
 19 DOM135.S106    (3)    1 :  0.036 0.009 0.039 0.591 0.186 0.140     (0.000,0.208) (0.000,0.048) (0.000,0.216) (0.316,0.848) (0.061,0.336) (0.000,0.357) 
 20 DOM136.S107    (0)    1 :  0.082 0.016 0.092 0.625 0.072 0.112     (0.000,0.326) (0.000,0.143) (0.000,0.481) (0.052,0.988) (0.000,0.402) (0.000,0.535) 
 21 DOM137.S19    (0)    1 :  0.051 0.047 0.030 0.799 0.033 0.039     (0.000,0.340) (0.000,0.142) (0.000,0.192) (0.185,0.978) (0.000,0.260) (0.000,0.175) 
 22 DOM138.S109    (8)    1 :  0.087 0.012 0.110 0.655 0.047 0.089     (0.000,0.213) (0.000,0.071) (0.003,0.266) (0.381,0.844) (0.000,0.313) (0.000,0.393) 
 23 DOM140.S110    (1)    1 :  0.062 0.023 0.071 0.728 0.022 0.094     (0.000,0.183) (0.000,0.148) (0.000,0.251) (0.126,0.963) (0.000,0.100) (0.000,0.640) 
 24 DOM141.S111    (1)    1 :  0.029 0.013 0.080 0.540 0.062 0.277     (0.000,0.140) (0.000,0.072) (0.000,0.302) (0.007,0.893) (0.000,0.319) (0.029,0.900) 
 25 DOM142.S104    (5)    1 :  0.119 0.017 0.043 0.739 0.045 0.038     (0.000,0.310) (0.000,0.176) (0.000,0.145) (0.155,0.957) (0.000,0.173) (0.000,0.476) 
 26 DOM143.S105    (0)    1 :  0.117 0.024 0.025 0.666 0.110 0.058     (0.000,0.271) (0.000,0.137) (0.000,0.176) (0.116,0.972) (0.000,0.407) (0.000,0.293) 
 27 DOM144.S106    (4)    1 :  0.024 0.008 0.051 0.535 0.083 0.299     (0.000,0.094) (0.000,0.073) (0.000,0.213) (0.132,0.822) (0.000,0.312) (0.140,0.501) 
 28 DOM145.S107    (3)    1 :  0.079 0.023 0.024 0.765 0.060 0.049     (0.000,0.306) (0.000,0.143) (0.000,0.089) (0.380,0.999) (0.000,0.195) (0.000,0.208) 
 29 DOM146.S20    (0)    1 :  0.082 0.024 0.018 0.676 0.055 0.146     (0.000,0.380) (0.000,0.200) (0.000,0.237) (0.042,0.998) (0.000,0.253) (0.000,0.435) 
 30 DOM147.S109   (11)    1 :  0.103 0.023 0.053 0.652 0.088 0.080     (0.000,0.409) (0.000,0.093) (0.000,0.297) (0.180,0.977) (0.000,0.358) (0.000,0.225) 
 31 DOM148.S110    (2)    1 :  0.155 0.010 0.015 0.695 0.080 0.045     (0.000,0.460) (0.000,0.056) (0.000,0.168) (0.189,1.000) (0.000,0.365) (0.000,0.189) 
 32 DOM149.S111    (7)    1 :  0.021 0.016 0.100 0.713 0.022 0.128     (0.000,0.124) (0.000,0.056) (0.004,0.215) (0.401,0.911) (0.000,0.098) (0.000,0.324) 
 33 DOM150.S104    (0)    1 :  0.064 0.027 0.042 0.662 0.135 0.070     (0.000,0.183) (0.000,0.137) (0.000,0.182) (0.183,0.997) (0.000,0.475) (0.000,0.318) 
 34 DOM151.S105    (0)    1 :  0.189 0.018 0.042 0.621 0.065 0.064     (0.033,0.369) (0.000,0.096) (0.000,0.382) (0.069,0.889) (0.000,0.376) (0.000,0.192) 
 35 DOM152.S106    (1)    1 :  0.086 0.022 0.077 0.488 0.132 0.194     (0.000,0.572) (0.000,0.084) (0.000,0.421) (0.135,0.805) (0.000,0.345) (0.009,0.440) 
 36 DOM153.S107    (1)    1 :  0.077 0.024 0.040 0.727 0.069 0.063     (0.000,0.231) (0.000,0.176) (0.000,0.142) (0.497,0.899) (0.000,0.184) (0.000,0.259) 
 37 LMO032.S103    (0)    2 :  0.194 0.321 0.189 0.060 0.152 0.083     (0.013,0.502) (0.184,0.465) (0.000,0.446) (0.000,0.299) (0.002,0.375) (0.000,0.291) 
 38 LMO033.S104    (4)    2 :  0.107 0.395 0.030 0.234 0.097 0.136     (0.000,0.427) (0.151,0.620) (0.000,0.087) (0.003,0.519) (0.000,0.279) (0.000,0.412) 
 39 LMO034.S105    (2)    2 :  0.098 0.267 0.051 0.077 0.310 0.198     (0.001,0.319) (0.044,0.396) (0.000,0.151) (0.000,0.345) (0.061,0.552) (0.000,0.402) 
 40 LMO035.rep    (0)    2 :  0.016 0.528 0.132 0.022 0.209 0.093     (0.000,0.137) (0.150,0.731) (0.000,0.396) (0.000,0.087) (0.000,0.521) (0.000,0.250) 
 41 LMO036.S13    (0)    2 :  0.103 0.469 0.077 0.140 0.141 0.069     (0.000,0.408) (0.094,0.719) (0.000,0.451) (0.004,0.370) (0.000,0.464) (0.000,0.217) 
 42 LMO037.S108    (9)    2 :  0.078 0.296 0.067 0.028 0.330 0.200     (0.000,0.364) (0.117,0.448) (0.000,0.303) (0.000,0.208) (0.075,0.528) (0.010,0.375) 
 43 LMO038.S109    (1)    2 :  0.073 0.416 0.165 0.110 0.191 0.045     (0.000,0.382) (0.022,0.652) (0.021,0.479) (0.001,0.251) (0.006,0.407) (0.000,0.263) 
 44 LMO039.S111    (0)    2 :  0.094 0.287 0.187 0.068 0.118 0.246     (0.000,0.618) (0.063,0.581) (0.000,0.599) (0.000,0.352) (0.004,0.402) (0.014,0.590) 
 45 LMO040.S103    (4)    2 :  0.173 0.464 0.057 0.036 0.172 0.099     (0.003,0.585) (0.020,0.690) (0.000,0.256) (0.000,0.148) (0.055,0.477) (0.000,0.416) 
 46 LMO041.S104    (8)    2 :  0.186 0.418 0.131 0.057 0.130 0.079     (0.001,0.620) (0.200,0.656) (0.000,0.548) (0.000,0.239) (0.000,0.339) (0.000,0.258) 
 47 LMO042.S105    (0)    2 :  0.252 0.354 0.109 0.129 0.071 0.084     (0.020,0.584) (0.127,0.532) (0.000,0.243) (0.001,0.323) (0.000,0.362) (0.000,0.468) 
 48 LMO043.S106    (2)    2 :  0.066 0.500 0.054 0.050 0.306 0.025     (0.000,0.273) (0.150,0.727) (0.000,0.189) (0.000,0.222) (0.127,0.570) (0.000,0.111) 
 49 LMO044.S14    (0)    2 :  0.103 0.496 0.128 0.107 0.120 0.046     (0.000,0.443) (0.103,0.735) (0.000,0.421) (0.000,0.348) (0.000,0.476) (0.000,0.255) 
 50 LMO045.S108    (3)    2 :  0.090 0.372 0.132 0.052 0.270 0.084     (0.000,0.405) (0.036,0.662) (0.000,0.806) (0.000,0.143) (0.011,0.540) (0.000,0.228) 
 51 LMO046.S110    (2)    2 :  0.148 0.355 0.089 0.148 0.202 0.059     (0.000,0.374) (0.104,0.505) (0.000,0.336) (0.000,0.378) (0.007,0.474) (0.000,0.377) 
 52 LMO047.S111    (2)    2 :  0.112 0.414 0.201 0.048 0.173 0.051     (0.000,0.388) (0.056,0.620) (0.040,0.451) (0.000,0.251) (0.033,0.456) (0.000,0.177) 
 53 LMO048.S103    (0)    2 :  0.050 0.435 0.103 0.046 0.203 0.162     (0.000,0.196) (0.077,0.591) (0.000,0.300) (0.000,0.257) (0.000,0.538) (0.000,0.450) 
 54 LMO049.S104    (0)    2 :  0.192 0.532 0.105 0.045 0.112 0.014     (0.009,0.356) (0.062,0.807) (0.000,0.473) (0.000,0.201) (0.000,0.442) (0.000,0.075) 
 55 LMO050.S105    (1)    2 :  0.210 0.359 0.115 0.080 0.166 0.070     (0.024,0.401) (0.065,0.522) (0.000,0.287) (0.000,0.430) (0.000,0.373) (0.000,0.321) 
 56 LMO052.S15    (0)    2 :  0.114 0.474 0.061 0.098 0.215 0.037     (0.000,0.352) (0.189,0.708) (0.000,0.258) (0.000,0.345) (0.000,0.547) (0.000,0.135) 
 57 LMO054.S110    (2)    2 :  0.056 0.371 0.015 0.069 0.325 0.163     (0.000,0.295) (0.043,0.533) (0.000,0.109) (0.000,0.251) (0.063,0.488) (0.021,0.394) 
 58 LMO055.S111    (1)    2 :  0.143 0.421 0.106 0.102 0.172 0.057     (0.009,0.387) (0.131,0.623) (0.000,0.353) (0.007,0.233) (0.007,0.354) (0.000,0.298) 
 59 LMO056.S103    (3)    2 :  0.278 0.407 0.053 0.019 0.171 0.071     (0.000,0.655) (0.142,0.692) (0.000,0.172) (0.000,0.107) (0.000,0.661) (0.008,0.236) 
 60 LMO057.S104    (9)    2 :  0.089 0.447 0.250 0.027 0.073 0.113     (0.000,0.404) (0.076,0.640) (0.000,0.507) (0.000,0.112) (0.000,0.285) (0.000,0.496) 
 61 LMO058.S106    (8)    2 :  0.082 0.174 0.415 0.221 0.056 0.052     (0.000,0.211) (0.033,0.407) (0.091,0.728) (0.009,0.475) (0.000,0.258) (0.000,0.250) 
 62 LMO059.S107    (4)    2 :  0.203 0.195 0.125 0.077 0.343 0.055     (0.003,0.517) (0.001,0.403) (0.000,0.692) (0.000,0.248) (0.017,0.690) (0.000,0.550) 
 63 LMO061.S16    (0)    2 :  0.019 0.441 0.112 0.084 0.291 0.052     (0.000,0.081) (0.150,0.620) (0.000,0.414) (0.000,0.240) (0.051,0.578) (0.000,0.388) 
 64 LMO062.S109   (14)    2 :  0.076 0.237 0.286 0.078 0.238 0.086     (0.000,0.315) (0.107,0.413) (0.036,0.506) (0.000,0.323) (0.009,0.476) (0.000,0.341) 
 65 LMO063.S110    (4)    2 :  0.140 0.402 0.137 0.060 0.142 0.118     (0.007,0.461) (0.079,0.623) (0.001,0.425) (0.000,0.208) (0.000,0.380) (0.000,0.374) 
 66 LMO064.S111    (4)    2 :  0.061 0.391 0.149 0.031 0.330 0.040     (0.000,0.421) (0.012,0.652) (0.000,0.414) (0.000,0.160) (0.113,0.634) (0.000,0.349) 
 67 NTX001.S103    (2)    3 :  0.048 0.376 0.118 0.033 0.402 0.023     (0.000,0.232) (0.036,0.543) (0.000,0.567) (0.000,0.211) (0.137,0.799) (0.000,0.127) 
 68 NTX003.S949    (1)    3 :  0.106 0.408 0.274 0.031 0.132 0.048     (0.000,0.384) (0.043,0.693) (0.000,0.518) (0.000,0.139) (0.000,0.866) (0.000,0.293) 
 69 NTX004.S961    (1)    3 :  0.125 0.202 0.134 0.054 0.379 0.106     (0.000,0.323) (0.075,0.332) (0.007,0.291) (0.000,0.268) (0.047,0.821) (0.000,0.371) 
 70 NTX005.S973    (3)    3 :  0.035 0.342 0.069 0.024 0.407 0.123     (0.000,0.172) (0.024,0.587) (0.000,0.499) (0.000,0.079) (0.024,0.777) (0.000,0.407) 
 71 NTX006.S985    (2)    3 :  0.081 0.296 0.078 0.063 0.430 0.052     (0.000,0.289) (0.049,0.508) (0.000,0.279) (0.000,0.267) (0.038,0.865) (0.000,0.169) 
 72 NTX007.S9    (0)    3 :  0.085 0.525 0.040 0.021 0.269 0.059     (0.000,0.189) (0.157,0.824) (0.000,0.159) (0.000,0.084) (0.000,0.838) (0.000,0.215) 
 73 NTX008.S100    (4)    3 :  0.132 0.328 0.100 0.017 0.410 0.013     (0.000,0.311) (0.185,0.497) (0.000,0.362) (0.000,0.091) (0.151,0.685) (0.000,0.070) 
 74 NTX009.S102    (4)    3 :  0.127 0.393 0.105 0.012 0.298 0.064     (0.000,0.354) (0.052,0.669) (0.000,0.423) (0.000,0.075) (0.001,0.679) (0.000,0.211) 
 75 NTX010.S103    (2)    3 :  0.053 0.479 0.035 0.026 0.392 0.014     (0.000,0.215) (0.098,0.721) (0.000,0.147) (0.000,0.152) (0.208,0.601) (0.000,0.091) 
 76 NTX013.S974    (8)    3 :  0.063 0.326 0.092 0.041 0.400 0.079     (0.000,0.283) (0.041,0.531) (0.013,0.257) (0.000,0.225) (0.100,0.642) (0.000,0.278) 
 77 NTX014.S986   (12)    3 :  0.144 0.277 0.201 0.025 0.335 0.017     (0.000,0.427) (0.048,0.466) (0.000,0.601) (0.000,0.122) (0.013,0.720) (0.000,0.079) 
 78 NTX015.S10    (0)    3 :  0.051 0.442 0.119 0.025 0.291 0.072     (0.000,0.190) (0.078,0.695) (0.000,0.437) (0.000,0.118) (0.008,0.841) (0.000,0.267) 
 79 NTX017.S102   (12)    3 :  0.047 0.340 0.158 0.007 0.235 0.212     (0.000,0.322) (0.170,0.529) (0.000,0.620) (0.000,0.047) (0.003,0.648) (0.015,0.403) 
 80 NTX018.S103   (14)    3 :  0.075 0.317 0.198 0.036 0.262 0.112     (0.000,0.501) (0.000,0.671) (0.000,0.502) (0.000,0.200) (0.000,0.999) (0.000,0.446) 
 81 NTX019.S951    (1)    3 :  0.099 0.300 0.273 0.042 0.255 0.029     (0.000,0.549) (0.040,0.574) (0.000,0.681) (0.000,0.325) (0.038,0.624) (0.000,0.111) 
 82 NTX020.S963    (1)    3 :  0.131 0.306 0.100 0.065 0.275 0.122     (0.000,0.329) (0.084,0.520) (0.000,0.266) (0.000,0.292) (0.065,0.606) (0.000,0.225) 
 83 NTX021.S975    (5)    3 :  0.178 0.356 0.121 0.019 0.308 0.018     (0.000,0.556) (0.127,0.529) (0.029,0.289) (0.000,0.114) (0.044,0.804) (0.000,0.114) 
 84 NTX022.S987    (5)    3 :  0.084 0.485 0.157 0.073 0.146 0.056     (0.000,0.392) (0.000,0.772) (0.000,0.470) (0.000,0.342) (0.000,0.997) (0.000,0.151) 
 85 NTX023.S11    (2)    3 :  0.023 0.567 0.068 0.073 0.226 0.043     (0.000,0.081) (0.188,0.793) (0.000,0.215) (0.000,0.281) (0.000,0.652) (0.000,0.366) 
 86 NTX025.S102    (0)    3 :  0.024 0.510 0.016 0.037 0.217 0.196     (0.000,0.079) (0.275,0.697) (0.000,0.093) (0.000,0.143) (0.000,0.669) (0.000,0.520) 
 87 NTX027.S952   (10)    3 :  0.118 0.296 0.228 0.060 0.251 0.047     (0.000,0.466) (0.024,0.541) (0.000,0.586) (0.000,0.265) (0.000,0.705) (0.000,0.187) 
 88 NTX028.S964    (7)    3 :  0.106 0.302 0.160 0.028 0.348 0.056     (0.000,0.395) (0.090,0.465) (0.000,0.494) (0.000,0.158) (0.071,0.863) (0.000,0.321) 
 89 NTX029.S976    (4)    3 :  0.112 0.310 0.238 0.044 0.264 0.032     (0.000,0.395) (0.055,0.488) (0.008,0.505) (0.000,0.152) (0.013,0.584) (0.000,0.123) 
 90 NTX030.S988    (0)    3 :  0.154 0.245 0.037 0.037 0.417 0.110     (0.000,0.375) (0.000,0.475) (0.000,0.203) (0.000,0.260) (0.009,0.779) (0.000,0.339) 
 91 NTX031.S12    (0)    3 :  0.103 0.437 0.072 0.079 0.284 0.025     (0.000,0.246) (0.000,0.727) (0.000,0.279) (0.000,0.271) (0.008,0.926) (0.000,0.120) 
 92 OUA_TAL069.    (0)    4 :  0.029 0.853 0.011 0.032 0.054 0.021     (0.000,0.209) (0.142,1.000) (0.000,0.089) (0.000,0.167) (0.000,0.237) (0.000,0.139) 
 93 OUA_TAL082.    (0)    4 :  0.045 0.716 0.060 0.072 0.062 0.045     (0.000,0.377) (0.079,0.997) (0.000,0.239) (0.000,0.288) (0.000,0.241) (0.000,0.426) 
 94 OUA_TAL083.    (4)    4 :  0.027 0.668 0.112 0.061 0.111 0.021     (0.000,0.156) (0.164,0.999) (0.000,0.302) (0.000,0.179) (0.000,0.368) (0.000,0.182) 
 95 OUA_TAL084.    (5)    4 :  0.040 0.746 0.082 0.017 0.039 0.076     (0.000,0.168) (0.261,0.981) (0.000,0.279) (0.000,0.084) (0.000,0.141) (0.000,0.203) 
 96 OUA001.S100   (11)    4 :  0.024 0.712 0.118 0.046 0.089 0.011     (0.000,0.183) (0.105,1.000) (0.000,0.303) (0.000,0.185) (0.000,0.453) (0.000,0.047) 
 97 OUA002.S101    (2)    4 :  0.030 0.778 0.074 0.045 0.046 0.027     (0.000,0.160) (0.328,0.993) (0.000,0.218) (0.000,0.183) (0.000,0.230) (0.000,0.160) 
 98 OUA003.S102    (5)    4 :  0.010 0.803 0.044 0.052 0.073 0.018     (0.000,0.055) (0.378,1.000) (0.000,0.133) (0.000,0.260) (0.000,0.322) (0.000,0.115) 
 99 OUA004.S946    (8)    4 :  0.060 0.722 0.016 0.022 0.050 0.129     (0.000,0.310) (0.371,0.997) (0.000,0.121) (0.000,0.118) (0.000,0.186) (0.000,0.380) 
100 OUA005.S958    (3)    4 :  0.031 0.639 0.178 0.014 0.034 0.104     (0.000,0.172) (0.425,0.830) (0.002,0.334) (0.000,0.064) (0.000,0.198) (0.000,0.330) 
101 OUA006.S970    (4)    4 :  0.128 0.688 0.043 0.032 0.049 0.061     (0.000,0.755) (0.087,0.950) (0.000,0.140) (0.000,0.129) (0.000,0.223) (0.000,0.195) 
102 OUA007.S982    (4)    4 :  0.097 0.700 0.074 0.016 0.070 0.043     (0.000,0.478) (0.026,0.981) (0.000,0.217) (0.000,0.087) (0.000,0.399) (0.000,0.303) 
103 OUA008.S6    (0)    4 :  0.028 0.844 0.094 0.009 0.011 0.014     (0.000,0.115) (0.400,0.997) (0.000,0.431) (0.000,0.041) (0.000,0.047) (0.000,0.066) 
104 OUA009.S100    (7)    4 :  0.049 0.663 0.070 0.017 0.095 0.107     (0.000,0.168) (0.110,0.967) (0.000,0.378) (0.000,0.104) (0.000,0.296) (0.006,0.254) 
105 OUA010.S101    (1)    4 :  0.124 0.677 0.093 0.041 0.022 0.043     (0.000,0.309) (0.173,0.979) (0.000,0.285) (0.000,0.145) (0.000,0.127) (0.000,0.214) 
106 OUA085.S947    (1)    4 :  0.185 0.586 0.019 0.128 0.062 0.020     (0.029,0.400) (0.229,0.784) (0.000,0.122) (0.000,0.319) (0.000,0.278) (0.000,0.136) 
107 OUA086.S959    (0)    4 :  0.032 0.804 0.080 0.032 0.015 0.036     (0.000,0.273) (0.406,0.999) (0.000,0.361) (0.000,0.183) (0.000,0.065) (0.000,0.184) 
108 OUA087.S971    (4)    4 :  0.095 0.664 0.014 0.029 0.020 0.178     (0.000,0.396) (0.411,0.903) (0.000,0.083) (0.000,0.094) (0.000,0.111) (0.055,0.340) 
109 OUA088.S983    (1)    4 :  0.048 0.689 0.052 0.016 0.058 0.138     (0.000,0.212) (0.305,0.934) (0.000,0.255) (0.000,0.101) (0.000,0.472) (0.000,0.314) 
110 OUA089.S7    (0)    4 :  0.019 0.807 0.033 0.021 0.058 0.062     (0.000,0.108) (0.184,1.000) (0.000,0.205) (0.000,0.076) (0.000,0.250) (0.000,0.389) 
111 OUA090.S100    (2)    4 :  0.106 0.707 0.054 0.028 0.089 0.017     (0.000,0.349) (0.259,0.942) (0.000,0.200) (0.000,0.110) (0.000,0.273) (0.000,0.078) 
112 OUA091.S101    (1)    4 :  0.020 0.715 0.029 0.036 0.101 0.098     (0.000,0.076) (0.343,0.991) (0.000,0.129) (0.000,0.141) (0.000,0.337) (0.000,0.274) 
113 OUA092.S103    (2)    4 :  0.026 0.799 0.019 0.038 0.041 0.077     (0.000,0.339) (0.166,0.997) (0.000,0.178) (0.000,0.158) (0.000,0.195) (0.000,0.238) 
114 OUA093.S948    (5)    4 :  0.062 0.793 0.041 0.056 0.017 0.030     (0.000,0.258) (0.444,0.999) (0.000,0.157) (0.000,0.269) (0.000,0.078) (0.000,0.155) 
115 OUA094.S960    (4)    4 :  0.033 0.805 0.025 0.030 0.068 0.039     (0.000,0.190) (0.050,0.996) (0.000,0.136) (0.000,0.159) (0.000,0.548) (0.000,0.124) 
116 OUA095.S972    (1)    4 :  0.113 0.683 0.053 0.021 0.096 0.034     (0.000,0.256) (0.135,0.987) (0.000,0.381) (0.000,0.252) (0.000,0.444) (0.000,0.174) 
117 OUA096.S984    (2)    4 :  0.041 0.834 0.011 0.072 0.018 0.025     (0.000,0.150) (0.683,0.977) (0.000,0.060) (0.000,0.188) (0.000,0.106) (0.000,0.084) 
118 OUA097.S8    (0)    4 :  0.023 0.849 0.037 0.024 0.056 0.011     (0.000,0.101) (0.320,0.995) (0.000,0.231) (0.000,0.089) (0.000,0.279) (0.000,0.067) 
119 OUA099.S101    (1)    4 :  0.144 0.674 0.030 0.038 0.027 0.087     (0.000,0.521) (0.235,0.910) (0.000,0.152) (0.000,0.147) (0.000,0.173) (0.000,0.221) 
120 STX_NTX026.    (7)    5 :  0.111 0.230 0.070 0.048 0.509 0.032     (0.000,0.326) (0.001,0.502) (0.000,0.395) (0.000,0.260) (0.003,0.813) (0.000,0.278) 
121 STX100.S109    (7)    5 :  0.032 0.089 0.113 0.065 0.668 0.033     (0.000,0.183) (0.000,0.402) (0.001,0.396) (0.000,0.278) (0.103,0.966) (0.000,0.214) 
122 STX102.S110    (2)    5 :  0.114 0.116 0.166 0.041 0.491 0.072     (0.004,0.354) (0.000,0.455) (0.000,0.574) (0.000,0.341) (0.000,0.987) (0.000,0.439) 
123 STX103.S111    (3)    5 :  0.036 0.160 0.158 0.080 0.490 0.077     (0.000,0.112) (0.012,0.340) (0.000,0.514) (0.000,0.245) (0.076,0.798) (0.000,0.381) 
124 STX104.S104    (4)    5 :  0.031 0.087 0.144 0.025 0.615 0.098     (0.000,0.155) (0.000,0.324) (0.000,0.460) (0.000,0.099) (0.019,1.000) (0.000,0.401) 
125 STX105.S105    (0)    5 :  0.142 0.152 0.130 0.013 0.504 0.059     (0.000,0.339) (0.000,0.333) (0.000,0.673) (0.000,0.147) (0.057,0.990) (0.000,0.458) 
126 STX106.rep    (5)    5 :  0.169 0.047 0.112 0.048 0.512 0.112     (0.000,0.700) (0.000,0.211) (0.000,0.406) (0.000,0.215) (0.004,0.999) (0.000,0.779) 
127 STX107.S21    (0)    5 :  0.091 0.314 0.082 0.061 0.408 0.044     (0.000,0.306) (0.088,0.575) (0.000,0.280) (0.000,0.244) (0.017,0.891) (0.000,0.270) 
128 STX108.S109   (13)    5 :  0.070 0.171 0.117 0.031 0.593 0.018     (0.000,0.241) (0.000,0.497) (0.000,0.359) (0.000,0.250) (0.096,0.986) (0.000,0.135) 
129 STX109.S110    (1)    5 :  0.032 0.070 0.019 0.268 0.525 0.086     (0.000,0.202) (0.000,0.261) (0.000,0.120) (0.070,0.429) (0.047,0.704) (0.000,0.283) 
130 STX110.S111    (6)    5 :  0.091 0.156 0.241 0.037 0.347 0.128     (0.000,0.324) (0.000,0.369) (0.000,0.680) (0.000,0.238) (0.000,0.909) (0.000,0.583) 
131 STX111.S104    (0)    5 :  0.061 0.209 0.128 0.090 0.454 0.059     (0.000,0.338) (0.055,0.348) (0.017,0.321) (0.000,0.471) (0.009,0.787) (0.000,0.226) 
132 STX112.S105    (4)    5 :  0.111 0.099 0.126 0.046 0.512 0.105     (0.000,0.541) (0.000,0.301) (0.000,0.495) (0.000,0.331) (0.028,0.963) (0.000,0.422) 
133 TAL_OUA011.    (3)    6 :  0.073 0.026 0.137 0.246 0.037 0.481     (0.000,0.515) (0.000,0.140) (0.000,0.392) (0.045,0.656) (0.000,0.210) (0.002,0.883) 
134 TAL065.S941    (4)    6 :  0.196 0.030 0.058 0.279 0.029 0.409     (0.001,0.729) (0.000,0.131) (0.000,0.382) (0.027,0.701) (0.000,0.188) (0.026,0.839) 
135 TAL066.S953    (6)    6 :  0.308 0.031 0.136 0.121 0.063 0.341     (0.019,0.836) (0.000,0.118) (0.000,0.533) (0.000,0.579) (0.000,0.333) (0.022,0.879) 
136 TAL067.S965    (7)    6 :  0.079 0.196 0.218 0.124 0.098 0.285     (0.000,0.355) (0.033,0.410) (0.000,0.552) (0.000,0.567) (0.000,0.367) (0.006,0.603) 
137 TAL068.S977    (0)    6 :  0.381 0.026 0.207 0.165 0.040 0.182     (0.009,0.924) (0.000,0.180) (0.000,0.627) (0.000,0.574) (0.000,0.244) (0.000,0.946) 
138 TAL070.S100   (11)    6 :  0.503 0.025 0.166 0.170 0.029 0.107     (0.022,0.997) (0.000,0.159) (0.000,0.608) (0.000,0.619) (0.000,0.217) (0.000,0.457) 
139 TAL071.S101    (3)    6 :  0.469 0.029 0.093 0.131 0.111 0.167     (0.004,0.951) (0.000,0.174) (0.000,0.376) (0.000,0.551) (0.000,0.496) (0.003,0.495) 
140 TAL072.S102    (3)    6 :  0.206 0.021 0.078 0.061 0.113 0.522     (0.000,0.589) (0.000,0.125) (0.000,0.246) (0.000,0.238) (0.000,0.309) (0.074,0.687) 
141 TAL073.S942    (9)    6 :  0.156 0.028 0.186 0.068 0.026 0.536     (0.000,0.998) (0.000,0.121) (0.000,0.497) (0.000,0.338) (0.000,0.203) (0.000,0.966) 
142 TAL074.S954    (7)    6 :  0.638 0.027 0.079 0.120 0.084 0.052     (0.004,0.988) (0.000,0.101) (0.000,0.669) (0.000,0.334) (0.000,0.322) (0.000,0.277) 
143 TAL075.S966    (8)    6 :  0.102 0.009 0.100 0.272 0.045 0.471     (0.000,0.436) (0.000,0.077) (0.000,0.552) (0.000,0.738) (0.000,0.203) (0.061,0.998) 
144 TAL076.S978    (8)    6 :  0.185 0.016 0.318 0.192 0.106 0.183     (0.000,0.707) (0.000,0.123) (0.085,0.651) (0.000,0.595) (0.000,0.572) (0.000,0.515) 
145 TAL077.S2    (3)    6 :  0.089 0.044 0.223 0.373 0.100 0.171     (0.000,0.325) (0.000,0.260) (0.000,0.680) (0.084,0.623) (0.000,0.615) (0.018,0.383) 
146 TAL078.S100   (11)    6 :  0.024 0.007 0.174 0.316 0.014 0.466     (0.000,0.077) (0.000,0.038) (0.000,0.391) (0.000,0.834) (0.000,0.104) (0.039,0.961) 
147 TAL079.S101    (5)    6 :  0.069 0.017 0.206 0.111 0.119 0.478     (0.000,0.431) (0.000,0.104) (0.000,0.484) (0.000,0.521) (0.000,0.434) (0.009,0.887) 
148 TAL080.S102    (6)    6 :  0.084 0.023 0.304 0.153 0.122 0.314     (0.000,0.658) (0.000,0.144) (0.000,0.933) (0.000,0.396) (0.000,0.500) (0.000,0.980) 
149 TAL081.S943    (1)    6 :  0.199 0.051 0.353 0.290 0.037 0.069     (0.000,0.811) (0.000,0.161) (0.000,0.913) (0.000,0.687) (0.000,0.152) (0.000,0.205) 
150 TAL154.S3    (0)    6 :  0.329 0.036 0.330 0.092 0.098 0.115     (0.000,0.934) (0.000,0.148) (0.000,0.980) (0.000,0.359) (0.000,0.442) (0.000,0.468) 
151 TAL155.S100    (3)    6 :  0.081 0.025 0.518 0.094 0.066 0.216     (0.000,0.358) (0.000,0.130) (0.005,0.999) (0.000,0.492) (0.000,0.348) (0.000,0.637) 
152 TAL156.S101    (3)    6 :  0.054 0.017 0.105 0.365 0.100 0.358     (0.000,0.233) (0.000,0.090) (0.000,0.261) (0.079,0.821) (0.000,0.486) (0.000,0.749) 
153 TAL157.S102    (4)    6 :  0.192 0.036 0.212 0.091 0.092 0.378     (0.000,0.715) (0.000,0.189) (0.000,0.492) (0.000,0.431) (0.000,0.336) (0.000,0.970) 
154 TAL158.S944    (9)    6 :  0.531 0.028 0.115 0.114 0.046 0.167     (0.000,0.895) (0.000,0.116) (0.000,0.986) (0.000,0.448) (0.000,0.191) (0.003,0.525) 
155 TAL159.S956    (1)    6 :  0.093 0.081 0.127 0.366 0.088 0.245     (0.000,0.457) (0.000,0.239) (0.000,0.624) (0.063,0.598) (0.000,0.250) (0.038,0.673) 
156 TAL160.S968    (9)    6 :  0.269 0.012 0.077 0.188 0.108 0.347     (0.000,0.771) (0.000,0.098) (0.000,0.295) (0.000,0.488) (0.000,0.671) (0.000,0.972) 
157 TAL161.S980    (3)    6 :  0.173 0.023 0.486 0.198 0.048 0.071     (0.000,0.429) (0.000,0.127) (0.046,0.903) (0.000,0.484) (0.000,0.223) (0.000,0.291) 
158 TAL162.S4    (0)    6 :  0.279 0.024 0.290 0.283 0.044 0.081     (0.015,0.930) (0.000,0.141) (0.000,0.677) (0.010,0.507) (0.000,0.152) (0.000,0.282) 
159 TAL163.S100   (10)    6 :  0.098 0.012 0.642 0.085 0.111 0.051     (0.000,0.389) (0.000,0.075) (0.004,0.970) (0.000,0.396) (0.000,0.529) (0.000,0.326) 
160 TAL164.S101    (3)    6 :  0.295 0.119 0.207 0.075 0.109 0.196     (0.000,0.578) (0.000,0.394) (0.000,0.624) (0.000,0.515) (0.000,0.527) (0.000,0.700) 
161 TAL165.S102    (4)    6 :  0.133 0.029 0.372 0.146 0.132 0.188     (0.000,0.500) (0.000,0.187) (0.026,0.987) (0.000,0.388) (0.000,0.584) (0.000,0.569) 
162 TAL166.S945    (5)    6 :  0.257 0.011 0.049 0.109 0.053 0.521     (0.000,0.653) (0.000,0.074) (0.000,0.405) (0.000,0.703) (0.000,0.230) (0.036,0.981) 
163 TAL167.S957    (0)    6 :  0.086 0.109 0.070 0.245 0.032 0.459     (0.000,0.334) (0.022,0.273) (0.000,0.250) (0.000,0.670) (0.000,0.185) (0.003,0.926) 
164 TAL168.S969    (4)    6 :  0.068 0.165 0.150 0.109 0.045 0.463     (0.000,0.280) (0.062,0.292) (0.000,0.327) (0.000,0.425) (0.000,0.305) (0.087,0.806) 
165 TAL169.S981    (2)    6 :  0.120 0.050 0.503 0.190 0.057 0.080     (0.000,0.358) (0.000,0.226) (0.002,0.960) (0.000,0.654) (0.000,0.311) (0.000,0.259) 
166 TAL170.S5    (0)    6 :  0.349 0.062 0.160 0.259 0.091 0.078     (0.000,0.906) (0.000,0.244) (0.000,0.746) (0.000,0.625) (0.000,0.382) (0.000,0.478) 


Estimated Allele Frequencies in each cluster
First column gives estimated ancestral frequencies


Locus 1 : S29422_7650 
2 alleles
3.0% missing data
   4   (0.856) 0.861 0.902 0.866 0.874 0.879 0.853 
   3   (0.144) 0.139 0.098 0.134 0.126 0.121 0.147 

Locus 2 : S29422_7652 
2 alleles
3.0% missing data
   4   (0.864) 0.870 0.848 0.871 0.891 0.886 0.861 
   3   (0.136) 0.130 0.152 0.129 0.109 0.114 0.139 

Locus 3 : S29422_7657 
2 alleles
3.0% missing data
   4   (0.713) 0.706 0.792 0.712 0.794 0.689 0.711 
   3   (0.287) 0.294 0.208 0.288 0.206 0.311 0.289 

Locus 4 : S46927_13803 
2 alleles
13.9% missing data
   1   (0.790) 0.771 0.932 0.787 0.933 0.727 0.786 
   3   (0.210) 0.229 0.068 0.213 0.067 0.273 0.214 

Locus 5 : S48929_60 
2 alleles
17.5% missing data
   4   (0.816) 0.808 0.874 0.822 0.857 0.872 0.818 
   3   (0.184) 0.192 0.126 0.178 0.143 0.128 0.182 

Locus 6 : S65850_64 
2 alleles
0.0% missing data
   3   (0.852) 0.861 0.763 0.865 0.708 0.801 0.865 
   4   (0.148) 0.139 0.237 0.135 0.292 0.199 0.135 

Locus 7 : S122459_47 
2 alleles
0.0% missing data
   4   (0.968) 0.972 0.768 0.972 0.989 0.967 0.974 
   2   (0.032) 0.028 0.232 0.028 0.011 0.033 0.026 

Locus 8 : S125946_59 
2 alleles
0.0% missing data
   1   (0.909) 0.910 0.984 0.895 0.956 0.939 0.915 
   3   (0.091) 0.090 0.016 0.105 0.044 0.061 0.085 

Locus 9 : S141574_71 
2 alleles
0.0% missing data
   3   (0.961) 0.963 0.543 0.967 0.986 0.956 0.969 
   2   (0.039) 0.037 0.457 0.033 0.014 0.044 0.031 

Locus 10 : S146212_186 
2 alleles
0.0% missing data
   4   (0.900) 0.906 0.991 0.894 0.810 0.954 0.901 
   2   (0.100) 0.094 0.009 0.106 0.190 0.046 0.099 

Locus 11 : S158794_305 
2 alleles
1.2% missing data
   4   (0.903) 0.903 0.958 0.910 0.948 0.922 0.901 
   3   (0.097) 0.097 0.042 0.090 0.052 0.078 0.099 

Locus 12 : S193576_2295 
2 alleles
0.0% missing data
   3   (0.906) 0.908 0.947 0.911 0.954 0.908 0.908 
   4   (0.094) 0.092 0.053 0.089 0.046 0.092 0.092 

Locus 13 : S205688_221 
2 alleles
0.0% missing data
   4   (0.617) 0.622 0.472 0.612 0.708 0.686 0.616 
   2   (0.383) 0.378 0.528 0.388 0.292 0.314 0.384 

Locus 14 : S208322_250 
2 alleles
1.2% missing data
   4   (0.932) 0.937 0.959 0.943 0.967 0.905 0.932 
   3   (0.068) 0.063 0.041 0.057 0.033 0.095 0.068 

Locus 15 : S208322_259 
2 alleles
1.2% missing data
   4   (0.904) 0.913 0.958 0.904 0.925 0.922 0.898 
   3   (0.096) 0.087 0.042 0.096 0.075 0.078 0.102 

Locus 16 : S251482_21 
2 alleles
0.0% missing data
   3   (0.912) 0.911 0.938 0.917 0.949 0.905 0.918 
   4   (0.088) 0.089 0.062 0.083 0.051 0.095 0.082 

Locus 17 : S271035_126 
2 alleles
0.0% missing data
   4   (0.897) 0.893 0.981 0.897 0.851 0.935 0.902 
   2   (0.103) 0.107 0.019 0.103 0.149 0.065 0.098 

Locus 18 : S271239_22 
2 alleles
5.4% missing data
   4   (0.902) 0.907 0.964 0.911 0.937 0.906 0.899 
   3   (0.098) 0.093 0.036 0.089 0.063 0.094 0.101 

Locus 19 : S279121_75 
2 alleles
0.0% missing data
   4   (0.899) 0.900 0.974 0.895 0.930 0.931 0.899 
   3   (0.101) 0.100 0.026 0.105 0.070 0.069 0.101 

Locus 20 : S300698_211 
2 alleles
0.0% missing data
   4   (0.092) 0.085 0.171 0.090 0.038 0.240 0.079 
   2   (0.908) 0.915 0.829 0.910 0.962 0.760 0.921 

Locus 21 : S308966_55 
2 alleles
4.8% missing data
   4   (0.812) 0.812 0.898 0.815 0.852 0.802 0.816 
   3   (0.188) 0.188 0.102 0.185 0.148 0.198 0.184 

Locus 22 : S332166_82 
2 alleles
0.6% missing data
   1   (0.924) 0.925 0.978 0.930 0.936 0.925 0.935 
   2   (0.076) 0.075 0.022 0.070 0.064 0.075 0.065 

Locus 23 : S339891_289 
2 alleles
1.2% missing data
   2   (0.923) 0.929 0.940 0.937 0.834 0.936 0.929 
   4   (0.077) 0.071 0.060 0.063 0.166 0.064 0.071 

Locus 24 : S360219_88 
2 alleles
1.2% missing data
   4   (0.938) 0.937 0.942 0.937 0.980 0.903 0.943 
   2   (0.062) 0.063 0.058 0.063 0.020 0.097 0.057 

Locus 25 : S364615_121 
2 alleles
0.0% missing data
   2   (0.300) 0.290 0.817 0.290 0.298 0.386 0.274 
   4   (0.700) 0.710 0.183 0.710 0.702 0.614 0.726 

Locus 26 : S368126_9 
2 alleles
4.2% missing data
   4   (0.913) 0.915 0.970 0.920 0.928 0.909 0.919 
   3   (0.087) 0.085 0.030 0.080 0.072 0.091 0.081 

Locus 27 : S392792_64 
2 alleles
0.0% missing data
   2   (0.108) 0.099 0.128 0.096 0.290 0.060 0.118 
   4   (0.892) 0.901 0.872 0.904 0.710 0.940 0.882 

Locus 28 : S397527_8 
2 alleles
0.0% missing data
   4   (0.928) 0.931 0.949 0.934 0.948 0.930 0.936 
   1   (0.072) 0.069 0.051 0.066 0.052 0.070 0.064 

Locus 29 : S397527_15 
2 alleles
0.0% missing data
   4   (0.860) 0.862 0.935 0.858 0.913 0.872 0.866 
   3   (0.140) 0.138 0.065 0.142 0.087 0.128 0.134 

Locus 30 : S397527_58 
2 alleles
0.0% missing data
   3   (0.927) 0.930 0.925 0.936 0.925 0.958 0.933 
   4   (0.073) 0.070 0.075 0.064 0.075 0.042 0.067 

Locus 31 : S427310_30 
2 alleles
19.9% missing data
   1   (0.916) 0.912 0.989 0.922 0.922 0.925 0.924 
   2   (0.084) 0.088 0.011 0.078 0.078 0.075 0.076 

Locus 32 : S430456_99 
2 alleles
0.0% missing data
   3   (0.821) 0.828 0.804 0.819 0.897 0.821 0.819 
   1   (0.179) 0.172 0.196 0.181 0.103 0.179 0.181 

Locus 33 : S433179_771 
2 alleles
0.0% missing data
   1   (0.915) 0.924 0.915 0.910 0.946 0.948 0.919 
   2   (0.085) 0.076 0.085 0.090 0.054 0.052 0.081 

Locus 34 : S433179_1183 
2 alleles
0.0% missing data
   4   (0.901) 0.901 0.983 0.896 0.951 0.933 0.906 
   3   (0.099) 0.099 0.017 0.104 0.049 0.067 0.094 

Locus 35 : S435718_550 
2 alleles
1.2% missing data
   1   (0.939) 0.946 0.967 0.948 0.924 0.962 0.936 
   2   (0.061) 0.054 0.033 0.052 0.076 0.038 0.064 

Locus 36 : S505994_50 
2 alleles
0.0% missing data
   3   (0.136) 0.132 0.020 0.136 0.103 0.103 0.150 
   4   (0.864) 0.868 0.980 0.864 0.897 0.897 0.850 

Locus 37 : S505994_60 
2 alleles
0.0% missing data
   4   (0.932) 0.933 0.903 0.933 0.972 0.944 0.946 
   3   (0.068) 0.067 0.097 0.067 0.028 0.056 0.054 

Locus 38 : S538551_64 
2 alleles
1.2% missing data
   4   (0.610) 0.603 0.950 0.608 0.532 0.626 0.608 
   3   (0.390) 0.397 0.050 0.392 0.468 0.374 0.392 

Locus 39 : S575025_25 
2 alleles
1.2% missing data
   4   (0.951) 0.956 0.852 0.957 0.978 0.936 0.956 
   3   (0.049) 0.044 0.148 0.043 0.022 0.064 0.044 

Locus 40 : S575025_27 
2 alleles
1.2% missing data
   4   (0.866) 0.873 0.583 0.880 0.904 0.795 0.873 
   3   (0.134) 0.127 0.417 0.120 0.096 0.205 0.127 

Locus 41 : S575025_33 
2 alleles
1.2% missing data
   4   (0.958) 0.964 0.763 0.963 0.979 0.962 0.963 
   3   (0.042) 0.036 0.237 0.037 0.021 0.038 0.037 

Locus 42 : S575025_39 
2 alleles
1.2% missing data
   4   (0.964) 0.966 0.842 0.967 0.987 0.937 0.971 
   3   (0.036) 0.034 0.158 0.033 0.013 0.063 0.029 

Locus 43 : S575025_75 
2 alleles
1.2% missing data
   4   (0.949) 0.955 0.870 0.957 0.973 0.942 0.958 
   3   (0.051) 0.045 0.130 0.043 0.027 0.058 0.042 

Locus 44 : S578761_63 
2 alleles
0.6% missing data
   1   (0.888) 0.891 0.965 0.899 0.902 0.914 0.887 
   2   (0.112) 0.109 0.035 0.101 0.098 0.086 0.113 

Locus 45 : S589288_52 
2 alleles
0.0% missing data
   4   (0.883) 0.891 0.981 0.886 0.829 0.930 0.867 
   3   (0.117) 0.109 0.019 0.114 0.171 0.070 0.133 

Locus 46 : S604009_298 
2 alleles
19.3% missing data
   1   (0.922) 0.927 0.959 0.927 0.951 0.949 0.917 
   2   (0.078) 0.073 0.041 0.073 0.049 0.051 0.083 

Locus 47 : S621781_35 
2 alleles
0.0% missing data
   3   (0.907) 0.907 0.916 0.911 0.959 0.952 0.908 
   4   (0.093) 0.093 0.084 0.089 0.041 0.048 0.092 

Locus 48 : S621781_38 
2 alleles
0.0% missing data
   1   (0.934) 0.939 0.925 0.940 0.978 0.949 0.933 
   4   (0.066) 0.061 0.075 0.060 0.022 0.051 0.067 

Locus 49 : S621781_39 
2 alleles
0.0% missing data
   3   (0.895) 0.891 0.970 0.878 0.950 0.922 0.905 
   4   (0.105) 0.109 0.030 0.122 0.050 0.078 0.095 

Locus 50 : S621781_53 
2 alleles
0.0% missing data
   1   (0.919) 0.924 0.930 0.912 0.958 0.957 0.919 
   4   (0.081) 0.076 0.070 0.088 0.042 0.043 0.081 

Locus 51 : S621781_61 
2 alleles
0.0% missing data
   3   (0.938) 0.943 0.893 0.949 0.972 0.965 0.931 
   4   (0.062) 0.057 0.107 0.051 0.028 0.035 0.069 

Locus 52 : S652496_67 
2 alleles
14.5% missing data
   1   (0.908) 0.918 0.965 0.909 0.939 0.927 0.914 
   2   (0.092) 0.082 0.035 0.091 0.061 0.073 0.086 

Locus 53 : S654019_77 
2 alleles
0.0% missing data
   2   (0.689) 0.686 0.768 0.689 0.654 0.640 0.700 
   1   (0.311) 0.314 0.232 0.311 0.346 0.360 0.300 

Locus 54 : S676110_57 
2 alleles
14.5% missing data
   1   (0.872) 0.872 0.971 0.869 0.949 0.895 0.860 
   4   (0.128) 0.128 0.029 0.131 0.051 0.105 0.140 

Locus 55 : S676110_58 
2 alleles
14.5% missing data
   1   (0.876) 0.881 0.775 0.877 0.853 0.882 0.882 
   4   (0.124) 0.119 0.225 0.123 0.147 0.118 0.118 

Locus 56 : S676110_59 
2 alleles
14.5% missing data
   2   (0.879) 0.880 0.901 0.881 0.889 0.908 0.892 
   3   (0.121) 0.120 0.099 0.119 0.111 0.092 0.108 

Locus 57 : S676110_68 
2 alleles
14.5% missing data
   4   (0.834) 0.835 0.880 0.830 0.835 0.896 0.841 
   3   (0.166) 0.165 0.120 0.170 0.165 0.104 0.159 

Locus 58 : S676110_69 
2 alleles
14.5% missing data
   3   (0.918) 0.924 0.873 0.926 0.868 0.916 0.929 
   4   (0.082) 0.076 0.127 0.074 0.132 0.084 0.071 

Locus 59 : S676110_78 
2 alleles
14.5% missing data
   1   (0.893) 0.895 0.944 0.889 0.956 0.925 0.899 
   4   (0.107) 0.105 0.056 0.111 0.044 0.075 0.101 

Locus 60 : S676110_82 
2 alleles
14.5% missing data
   4   (0.926) 0.929 0.938 0.929 0.962 0.928 0.934 
   1   (0.074) 0.071 0.062 0.071 0.038 0.072 0.066 

Locus 61 : S676110_86 
2 alleles
14.5% missing data
   1   (0.890) 0.894 0.873 0.899 0.949 0.935 0.875 
   4   (0.110) 0.106 0.127 0.101 0.051 0.065 0.125 

Locus 62 : S676110_103 
2 alleles
14.5% missing data
   3   (0.911) 0.901 0.978 0.910 0.972 0.927 0.917 
   2   (0.089) 0.099 0.022 0.090 0.028 0.073 0.083 

Locus 63 : S676110_106 
2 alleles
14.5% missing data
   1   (0.925) 0.927 0.927 0.933 0.954 0.944 0.927 
   4   (0.075) 0.073 0.073 0.067 0.046 0.056 0.073 

Locus 64 : S676110_108 
2 alleles
14.5% missing data
   4   (0.856) 0.856 0.922 0.863 0.905 0.879 0.850 
   2   (0.144) 0.144 0.078 0.137 0.095 0.121 0.150 

Locus 65 : S676110_110 
2 alleles
14.5% missing data
   1   (0.910) 0.910 0.978 0.913 0.943 0.930 0.911 
   2   (0.090) 0.090 0.022 0.087 0.057 0.070 0.089 

Locus 66 : S681233_132 
2 alleles
0.0% missing data
   1   (0.909) 0.910 0.951 0.905 0.972 0.834 0.908 
   3   (0.091) 0.090 0.049 0.095 0.028 0.166 0.092 

Locus 67 : S688602_26 
2 alleles
6.6% missing data
   2   (0.908) 0.914 0.991 0.911 0.918 0.953 0.896 
   3   (0.092) 0.086 0.009 0.089 0.082 0.047 0.104 

Locus 68 : S688602_34 
2 alleles
6.6% missing data
   1   (0.100) 0.094 0.015 0.092 0.076 0.088 0.108 
   2   (0.900) 0.906 0.985 0.908 0.924 0.912 0.892 

Locus 69 : S688602_42 
2 alleles
6.6% missing data
   4   (0.917) 0.917 0.989 0.915 0.919 0.938 0.918 
   3   (0.083) 0.083 0.011 0.085 0.081 0.062 0.082 

Locus 70 : S688602_57 
2 alleles
6.6% missing data
   2   (0.894) 0.889 0.982 0.888 0.904 0.868 0.902 
   1   (0.106) 0.111 0.018 0.112 0.096 0.132 0.098 

Locus 71 : S688602_71 
2 alleles
6.6% missing data
   1   (0.906) 0.912 0.970 0.899 0.958 0.944 0.902 
   2   (0.094) 0.088 0.030 0.101 0.042 0.056 0.098 

Locus 72 : S756708_27 
2 alleles
0.0% missing data
   3   (0.913) 0.920 0.186 0.915 0.960 0.756 0.925 
   1   (0.087) 0.080 0.814 0.085 0.040 0.244 0.075 

Locus 73 : S818106_183 
2 alleles
0.0% missing data
   3   (0.887) 0.888 0.972 0.894 0.870 0.906 0.880 
   1   (0.113) 0.112 0.028 0.106 0.130 0.094 0.120 

Locus 74 : S861831_90 
2 alleles
16.3% missing data
   2   (0.889) 0.895 0.882 0.882 0.877 0.908 0.897 
   4   (0.111) 0.105 0.118 0.118 0.123 0.092 0.103 

Locus 75 : S861831_104 
2 alleles
16.3% missing data
   1   (0.933) 0.936 0.905 0.937 0.971 0.947 0.929 
   4   (0.067) 0.064 0.095 0.063 0.029 0.053 0.071 

Locus 76 : S909713_11652 
2 alleles
0.0% missing data
   1   (0.919) 0.923 0.323 0.927 0.970 0.819 0.931 
   2   (0.081) 0.077 0.677 0.073 0.030 0.181 0.069 

Locus 77 : S922760_27 
2 alleles
0.6% missing data
   2   (0.758) 0.753 0.706 0.743 0.839 0.792 0.768 
   1   (0.242) 0.247 0.294 0.257 0.161 0.208 0.232 

Locus 78 : S922760_31 
2 alleles
0.6% missing data
   2   (0.946) 0.945 0.906 0.949 0.981 0.974 0.947 
   1   (0.054) 0.055 0.094 0.051 0.019 0.026 0.053 

Locus 79 : S922760_59 
2 alleles
0.6% missing data
   2   (0.905) 0.906 0.969 0.911 0.942 0.948 0.901 
   1   (0.095) 0.094 0.031 0.089 0.058 0.052 0.099 

Locus 80 : S922760_60 
2 alleles
0.6% missing data
   2   (0.844) 0.852 0.830 0.842 0.888 0.874 0.844 
   1   (0.156) 0.148 0.170 0.158 0.112 0.126 0.156 

Locus 81 : S963159_8716 
2 alleles
6.0% missing data
   1   (0.785) 0.781 0.845 0.797 0.853 0.757 0.784 
   2   (0.215) 0.219 0.155 0.203 0.147 0.243 0.216 

Locus 82 : S971533_756 
2 alleles
0.0% missing data
   4   (0.953) 0.962 0.996 0.956 0.849 0.975 0.953 
   2   (0.047) 0.038 0.004 0.044 0.151 0.025 0.047 

Locus 83 : S973407_460 
2 alleles
7.2% missing data
   1   (0.888) 0.889 0.937 0.893 0.869 0.943 0.888 
   3   (0.112) 0.111 0.063 0.107 0.131 0.057 0.112 

Locus 84 : S973407_463 
2 alleles
7.2% missing data
   4   (0.898) 0.894 0.914 0.909 0.904 0.923 0.890 
   3   (0.102) 0.106 0.086 0.091 0.096 0.077 0.110 

Locus 85 : S973407_469 
2 alleles
7.2% missing data
   4   (0.906) 0.908 0.974 0.917 0.925 0.918 0.904 
   1   (0.094) 0.092 0.026 0.083 0.075 0.082 0.096 

Locus 86 : S973407_470 
2 alleles
7.2% missing data
   2   (0.816) 0.819 0.865 0.833 0.826 0.791 0.820 
   1   (0.184) 0.181 0.135 0.167 0.174 0.209 0.180 

Locus 87 : S973407_473 
2 alleles
7.2% missing data
   2   (0.917) 0.927 0.967 0.893 0.974 0.917 0.924 
   3   (0.083) 0.073 0.033 0.107 0.026 0.083 0.076 

Locus 88 : S973407_474 
2 alleles
7.2% missing data
   2   (0.891) 0.892 0.911 0.894 0.949 0.912 0.886 
   1   (0.109) 0.108 0.089 0.106 0.051 0.088 0.114 

Locus 89 : S973407_475 
2 alleles
7.2% missing data
   4   (0.892) 0.900 0.895 0.892 0.948 0.917 0.894 
   1   (0.108) 0.100 0.105 0.108 0.052 0.083 0.106 

Locus 90 : S973407_492 
2 alleles
7.2% missing data
   3   (0.911) 0.914 0.974 0.917 0.939 0.924 0.915 
   2   (0.089) 0.086 0.026 0.083 0.061 0.076 0.085 

Locus 91 : S973407_493 
2 alleles
7.2% missing data
   4   (0.933) 0.937 0.901 0.942 0.971 0.941 0.937 
   3   (0.067) 0.063 0.099 0.058 0.029 0.059 0.063 

Locus 92 : S973407_500 
2 alleles
7.2% missing data
   4   (0.926) 0.937 0.956 0.928 0.908 0.949 0.929 
   1   (0.074) 0.063 0.044 0.072 0.092 0.051 0.071 

Locus 93 : S973407_501 
2 alleles
7.2% missing data
   2   (0.936) 0.937 0.936 0.945 0.949 0.910 0.945 
   1   (0.064) 0.063 0.064 0.055 0.051 0.090 0.055 

Locus 94 : S973407_511 
2 alleles
7.2% missing data
   4   (0.827) 0.829 0.855 0.830 0.838 0.864 0.826 
   1   (0.173) 0.171 0.145 0.170 0.162 0.136 0.174 

Locus 95 : S973407_512 
2 alleles
7.2% missing data
   3   (0.863) 0.846 0.970 0.877 0.922 0.858 0.877 
   2   (0.137) 0.154 0.030 0.123 0.078 0.142 0.123 

Locus 96 : S989003_64 
2 alleles
1.2% missing data
   3   (0.559) 0.549 0.543 0.558 0.604 0.704 0.558 
   1   (0.441) 0.451 0.457 0.442 0.396 0.296 0.442 

Locus 97 : S1012380_28 
2 alleles
4.2% missing data
   4   (0.849) 0.859 0.763 0.856 0.818 0.822 0.864 
   1   (0.151) 0.141 0.237 0.144 0.182 0.178 0.136 

Locus 98 : S1068003_85 
2 alleles
0.0% missing data
   3   (0.657) 0.653 0.452 0.626 0.891 0.667 0.659 
   1   (0.343) 0.347 0.548 0.374 0.109 0.333 0.341 

Locus 99 : S1080622_64 
2 alleles
0.0% missing data
   2   (0.607) 0.598 0.505 0.621 0.531 0.781 0.589 
   4   (0.393) 0.402 0.495 0.379 0.469 0.219 0.411 

Locus 100 : S1092332_40 
2 alleles
0.0% missing data
   3   (0.854) 0.855 0.849 0.857 0.941 0.823 0.862 
   1   (0.146) 0.145 0.151 0.143 0.059 0.177 0.138 

Locus 101 : S1104086_45 
2 alleles
3.0% missing data
   1   (0.921) 0.922 0.948 0.922 0.966 0.941 0.927 
   2   (0.079) 0.078 0.052 0.078 0.034 0.059 0.073 

Locus 102 : S1115358_83 
2 alleles
0.0% missing data
   2   (0.885) 0.884 0.975 0.884 0.900 0.783 0.894 
   4   (0.115) 0.116 0.025 0.116 0.100 0.217 0.106 

Locus 103 : S1200173_5339 
2 alleles
0.0% missing data
   2   (0.218) 0.207 0.180 0.207 0.568 0.212 0.207 
   1   (0.782) 0.793 0.820 0.793 0.432 0.788 0.793 

Locus 104 : S1217564_353 
2 alleles
2.4% missing data
   1   (0.725) 0.721 0.724 0.704 0.910 0.815 0.719 
   2   (0.275) 0.279 0.276 0.296 0.090 0.185 0.281 

Locus 105 : S1230051_63 
2 alleles
12.7% missing data
   1   (0.878) 0.876 0.854 0.865 0.898 0.922 0.894 
   4   (0.122) 0.124 0.146 0.135 0.102 0.078 0.106 

Locus 106 : S1230598_2476 
2 alleles
0.0% missing data
   2   (0.873) 0.877 0.982 0.876 0.869 0.863 0.881 
   4   (0.127) 0.123 0.018 0.124 0.131 0.137 0.119 

Locus 107 : S1230598_2516 
2 alleles
0.0% missing data
   4   (0.958) 0.960 0.954 0.954 0.985 0.850 0.967 
   2   (0.042) 0.040 0.046 0.046 0.015 0.150 0.033 

Locus 108 : S1231416_12241 
2 alleles
0.0% missing data
   4   (0.507) 0.504 0.938 0.485 0.571 0.674 0.482 
   2   (0.493) 0.496 0.062 0.515 0.429 0.326 0.518 

Locus 109 : S1231774_10614 
2 alleles
0.0% missing data
   3   (0.761) 0.758 0.730 0.764 0.753 0.727 0.786 
   4   (0.239) 0.242 0.270 0.236 0.247 0.273 0.214 

Locus 110 : S1232046_1175 
2 alleles
4.8% missing data
   4   (0.914) 0.921 0.896 0.921 0.956 0.882 0.917 
   3   (0.086) 0.079 0.104 0.079 0.044 0.118 0.083 

Locus 111 : S1232467_1411 
2 alleles
2.4% missing data
   1   (0.903) 0.906 0.906 0.913 0.948 0.928 0.905 
   2   (0.097) 0.094 0.094 0.087 0.052 0.072 0.095 

Locus 112 : S1232855_1188 
2 alleles
9.6% missing data
   4   (0.870) 0.871 0.947 0.874 0.918 0.866 0.873 
   3   (0.130) 0.129 0.053 0.126 0.082 0.134 0.127 

Locus 113 : S1233454_13342 
2 alleles
0.0% missing data
   2   (0.908) 0.913 0.990 0.926 0.528 0.945 0.903 
   4   (0.092) 0.087 0.010 0.074 0.472 0.055 0.097 

Locus 114 : S1233555_3141 
2 alleles
1.2% missing data
   4   (0.913) 0.919 0.963 0.909 0.953 0.937 0.918 
   3   (0.087) 0.081 0.037 0.091 0.047 0.063 0.082 

Locus 115 : S1233718_2020 
2 alleles
0.0% missing data
   1   (0.842) 0.848 0.824 0.856 0.821 0.836 0.850 
   4   (0.158) 0.152 0.176 0.144 0.179 0.164 0.150 

Locus 116 : S1233718_2022 
2 alleles
0.0% missing data
   1   (0.717) 0.732 0.669 0.710 0.732 0.727 0.718 
   4   (0.283) 0.268 0.331 0.290 0.268 0.273 0.282 

Locus 117 : S1233954_26064 
2 alleles
6.0% missing data
   4   (0.922) 0.928 0.969 0.925 0.965 0.912 0.917 
   3   (0.078) 0.072 0.031 0.075 0.035 0.088 0.083 

Locus 118 : S1233954_26066 
2 alleles
6.0% missing data
   4   (0.914) 0.922 0.979 0.911 0.945 0.889 0.922 
   3   (0.086) 0.078 0.021 0.089 0.055 0.111 0.078 

Locus 119 : S1233954_26082 
2 alleles
6.0% missing data
   1   (0.963) 0.967 0.735 0.967 0.988 0.973 0.970 
   3   (0.037) 0.033 0.265 0.033 0.012 0.027 0.030 

Locus 120 : S1234279_2122 
2 alleles
0.6% missing data
   2   (0.910) 0.901 0.922 0.917 0.958 0.943 0.918 
   3   (0.090) 0.099 0.078 0.083 0.042 0.057 0.082 

Locus 121 : S1234279_2153 
2 alleles
0.6% missing data
   2   (0.820) 0.823 0.875 0.824 0.810 0.852 0.818 
   1   (0.180) 0.177 0.125 0.176 0.190 0.148 0.182 

Locus 122 : S1234279_2164 
2 alleles
0.6% missing data
   4   (0.857) 0.856 0.949 0.860 0.937 0.858 0.863 
   1   (0.143) 0.144 0.051 0.140 0.063 0.142 0.137 

Locus 123 : S1234279_2166 
2 alleles
0.6% missing data
   2   (0.901) 0.907 0.894 0.901 0.860 0.930 0.901 
   1   (0.099) 0.093 0.106 0.099 0.140 0.070 0.099 

Locus 124 : S1234279_2170 
2 alleles
0.6% missing data
   4   (0.939) 0.933 0.933 0.941 0.980 0.952 0.950 
   1   (0.061) 0.067 0.067 0.059 0.020 0.048 0.050 

Locus 125 : S1234279_2176 
2 alleles
0.6% missing data
   4   (0.902) 0.911 0.939 0.909 0.917 0.931 0.894 
   1   (0.098) 0.089 0.061 0.091 0.083 0.069 0.106 

Locus 126 : S1234428_27754 
2 alleles
9.6% missing data
   1   (0.820) 0.821 0.956 0.816 0.885 0.827 0.823 
   2   (0.180) 0.179 0.044 0.184 0.115 0.173 0.177 

Locus 127 : S1234534_1561 
2 alleles
10.8% missing data
   4   (0.869) 0.873 0.946 0.882 0.925 0.882 0.857 
   1   (0.131) 0.127 0.054 0.118 0.075 0.118 0.143 

Locus 128 : S1236162_37034 
2 alleles
0.0% missing data
   1   (0.785) 0.781 0.984 0.786 0.830 0.909 0.750 
   4   (0.215) 0.219 0.016 0.214 0.170 0.091 0.250 

Locus 129 : S1236207_2702 
2 alleles
0.0% missing data
   1   (0.875) 0.883 0.973 0.877 0.907 0.895 0.865 
   2   (0.125) 0.117 0.027 0.123 0.093 0.105 0.135 

Locus 130 : S1237001_29709 
2 alleles
0.0% missing data
   3   (0.923) 0.927 0.981 0.929 0.887 0.956 0.927 
   4   (0.077) 0.073 0.019 0.071 0.113 0.044 0.073 

Locus 131 : S1237477_5947 
2 alleles
15.7% missing data
   1   (0.691) 0.698 0.794 0.694 0.800 0.701 0.669 
   4   (0.309) 0.302 0.206 0.306 0.200 0.299 0.331 

Locus 132 : S1237477_5948 
2 alleles
15.7% missing data
   2   (0.926) 0.932 0.913 0.931 0.917 0.938 0.936 
   3   (0.074) 0.068 0.087 0.069 0.083 0.062 0.064 

Locus 133 : S1237477_5949 
2 alleles
15.7% missing data
   4   (0.845) 0.834 0.908 0.847 0.866 0.871 0.857 
   1   (0.155) 0.166 0.092 0.153 0.134 0.129 0.143 

Locus 134 : S1237477_5950 
2 alleles
15.7% missing data
   4   (0.941) 0.946 0.943 0.945 0.908 0.960 0.946 
   2   (0.059) 0.054 0.057 0.055 0.092 0.040 0.054 

Locus 135 : S1237477_5956 
2 alleles
15.7% missing data
   2   (0.885) 0.875 0.968 0.877 0.939 0.910 0.900 
   3   (0.115) 0.125 0.032 0.123 0.061 0.090 0.100 

Locus 136 : S1237477_5963 
2 alleles
15.7% missing data
   3   (0.726) 0.735 0.661 0.734 0.709 0.760 0.722 
   4   (0.274) 0.265 0.339 0.266 0.291 0.240 0.278 

Locus 137 : S1237477_5970 
2 alleles
15.7% missing data
   4   (0.878) 0.882 0.951 0.878 0.846 0.917 0.884 
   2   (0.122) 0.118 0.049 0.122 0.154 0.083 0.116 

Locus 138 : S1237477_5983 
2 alleles
15.7% missing data
   4   (0.895) 0.896 0.925 0.902 0.948 0.882 0.897 
   1   (0.105) 0.104 0.075 0.098 0.052 0.118 0.103 

Locus 139 : S1237477_5997 
2 alleles
15.7% missing data
   1   (0.876) 0.875 0.797 0.885 0.888 0.875 0.887 
   4   (0.124) 0.125 0.203 0.115 0.112 0.125 0.113 

Locus 140 : S1239597_2015 
2 alleles
12.0% missing data
   3   (0.938) 0.940 0.935 0.939 0.979 0.926 0.945 
   1   (0.062) 0.060 0.065 0.061 0.021 0.074 0.055 

Locus 141 : S1241183_7145 
2 alleles
3.6% missing data
   4   (0.894) 0.894 0.957 0.898 0.941 0.865 0.900 
   3   (0.106) 0.106 0.043 0.102 0.059 0.135 0.100 

Locus 142 : S1241183_7158 
2 alleles
3.6% missing data
   4   (0.851) 0.851 0.952 0.832 0.902 0.896 0.863 
   3   (0.149) 0.149 0.048 0.168 0.098 0.104 0.137 

Locus 143 : S1241183_7180 
2 alleles
3.6% missing data
   4   (0.810) 0.810 0.935 0.816 0.873 0.853 0.801 
   3   (0.190) 0.190 0.065 0.184 0.127 0.147 0.199 

Locus 144 : S1241183_7183 
2 alleles
3.6% missing data
   4   (0.919) 0.918 0.955 0.926 0.969 0.930 0.919 
   3   (0.081) 0.082 0.045 0.074 0.031 0.070 0.081 

Locus 145 : S1242368_7131 
2 alleles
0.0% missing data
   4   (0.485) 0.483 0.513 0.471 0.724 0.498 0.475 
   2   (0.515) 0.517 0.487 0.529 0.276 0.502 0.525 

Locus 146 : S1243006_11083 
2 alleles
0.0% missing data
   1   (0.741) 0.755 0.208 0.723 0.886 0.636 0.774 
   3   (0.259) 0.245 0.792 0.277 0.114 0.364 0.226 

Locus 147 : S1245829_786 
2 alleles
0.0% missing data
   2   (0.921) 0.925 0.944 0.908 0.963 0.908 0.933 
   1   (0.079) 0.075 0.056 0.092 0.037 0.092 0.067 

Locus 148 : S1246748_6756 
2 alleles
1.8% missing data
   3   (0.786) 0.796 0.831 0.795 0.810 0.807 0.777 
   4   (0.214) 0.204 0.169 0.205 0.190 0.193 0.223 

Locus 149 : S1247445_3679 
2 alleles
0.0% missing data
   1   (0.848) 0.850 0.933 0.840 0.904 0.871 0.858 
   2   (0.152) 0.150 0.067 0.160 0.096 0.129 0.142 

Locus 150 : S1248582_14781 
2 alleles
0.0% missing data
   3   (0.598) 0.609 0.551 0.594 0.473 0.624 0.602 
   1   (0.402) 0.391 0.449 0.406 0.527 0.376 0.398 

Locus 151 : S1248645_11486 
2 alleles
14.5% missing data
   1   (0.898) 0.901 0.981 0.898 0.929 0.909 0.890 
   2   (0.102) 0.099 0.019 0.102 0.071 0.091 0.110 

Locus 152 : S1248754_4543 
2 alleles
0.0% missing data
   3   (0.470) 0.461 0.043 0.491 0.637 0.336 0.496 
   1   (0.530) 0.539 0.957 0.509 0.363 0.664 0.504 

Locus 153 : S1248877_2137 
2 alleles
0.0% missing data
   4   (0.608) 0.618 0.247 0.592 0.870 0.328 0.638 
   2   (0.392) 0.382 0.753 0.408 0.130 0.672 0.362 

Locus 154 : S1249135_228 
2 alleles
14.5% missing data
   4   (0.582) 0.578 0.571 0.570 0.525 0.539 0.611 
   3   (0.418) 0.422 0.429 0.430 0.475 0.461 0.389 

Locus 155 : S1249135_237 
2 alleles
14.5% missing data
   4   (0.868) 0.856 0.911 0.870 0.908 0.871 0.888 
   3   (0.132) 0.144 0.089 0.130 0.092 0.129 0.112 

Locus 156 : S1249135_240 
2 alleles
14.5% missing data
   3   (0.399) 0.396 0.311 0.394 0.302 0.364 0.423 
   4   (0.601) 0.604 0.689 0.606 0.698 0.636 0.577 

Locus 157 : S1249135_248 
2 alleles
14.5% missing data
   3   (0.651) 0.647 0.627 0.658 0.616 0.658 0.668 
   4   (0.349) 0.353 0.373 0.342 0.384 0.342 0.332 

Locus 158 : S1249135_256 
2 alleles
14.5% missing data
   4   (0.851) 0.856 0.899 0.855 0.881 0.886 0.858 
   3   (0.149) 0.144 0.101 0.145 0.119 0.114 0.142 

Locus 159 : S1249135_261 
2 alleles
14.5% missing data
   4   (0.863) 0.866 0.838 0.870 0.864 0.891 0.869 
   3   (0.137) 0.134 0.162 0.130 0.136 0.109 0.131 

Locus 160 : S1249339_28049 
2 alleles
0.0% missing data
   2   (0.671) 0.662 0.889 0.651 0.827 0.844 0.663 
   4   (0.329) 0.338 0.111 0.349 0.173 0.156 0.337 

Locus 161 : S1249339_28440 
2 alleles
0.6% missing data
   4   (0.930) 0.936 0.943 0.927 0.961 0.934 0.939 
   3   (0.070) 0.064 0.057 0.073 0.039 0.066 0.061 

Locus 162 : S1249817_5932 
2 alleles
4.2% missing data
   3   (0.912) 0.917 0.962 0.921 0.960 0.936 0.905 
   4   (0.088) 0.083 0.038 0.079 0.040 0.064 0.095 

Locus 163 : S1250866_36353 
2 alleles
0.6% missing data
   4   (0.902) 0.911 0.976 0.887 0.948 0.890 0.903 
   3   (0.098) 0.089 0.024 0.113 0.052 0.110 0.097 

Locus 164 : S1250866_36359 
2 alleles
0.6% missing data
   1   (0.690) 0.689 0.717 0.688 0.721 0.674 0.698 
   2   (0.310) 0.311 0.283 0.312 0.279 0.326 0.302 

Locus 165 : S1251354_2793 
2 alleles
10.2% missing data
   1   (0.065) 0.066 0.318 0.061 0.032 0.045 0.063 
   4   (0.935) 0.934 0.682 0.939 0.968 0.955 0.937 

Locus 166 : S1254070_19022 
2 alleles
0.0% missing data
   2   (0.942) 0.942 0.987 0.941 0.981 0.880 0.948 
   4   (0.058) 0.058 0.013 0.059 0.019 0.120 0.052 

Locus 167 : S1254693_3785 
2 alleles
0.0% missing data
   2   (0.788) 0.789 0.806 0.795 0.826 0.778 0.797 
   1   (0.212) 0.211 0.194 0.205 0.174 0.222 0.203 

Locus 168 : S1256256_56 
2 alleles
7.2% missing data
   4   (0.938) 0.938 0.928 0.946 0.978 0.959 0.942 
   3   (0.062) 0.062 0.072 0.054 0.022 0.041 0.058 

Locus 169 : S1256256_99 
2 alleles
7.2% missing data
   4   (0.933) 0.935 0.933 0.944 0.946 0.958 0.937 
   3   (0.067) 0.065 0.067 0.056 0.054 0.042 0.063 

Locus 170 : S1256462_4834 
2 alleles
0.0% missing data
   4   (0.844) 0.838 0.967 0.854 0.903 0.851 0.837 
   3   (0.156) 0.162 0.033 0.146 0.097 0.149 0.163 

Locus 171 : S1256742_362 
2 alleles
0.0% missing data
   1   (0.838) 0.831 0.988 0.840 0.938 0.912 0.818 
   3   (0.162) 0.169 0.012 0.160 0.062 0.088 0.182 

Locus 172 : S1257371_14979 
2 alleles
2.4% missing data
   1   (0.909) 0.910 0.985 0.908 0.949 0.928 0.911 
   2   (0.091) 0.090 0.015 0.092 0.051 0.072 0.089 

Locus 173 : S1257371_14994 
2 alleles
2.4% missing data
   1   (0.924) 0.926 0.923 0.931 0.963 0.954 0.922 
   2   (0.076) 0.074 0.077 0.069 0.037 0.046 0.078 

Locus 174 : S1257371_15005 
2 alleles
2.4% missing data
   1   (0.896) 0.899 0.937 0.886 0.931 0.937 0.901 
   2   (0.104) 0.101 0.063 0.114 0.069 0.063 0.099 

Locus 175 : S1257434_13304 
2 alleles
1.2% missing data
   4   (0.858) 0.864 0.925 0.853 0.930 0.870 0.851 
   3   (0.142) 0.136 0.075 0.147 0.070 0.130 0.149 

Locus 176 : S1257462_11573 
2 alleles
0.0% missing data
   3   (0.843) 0.829 0.989 0.817 0.939 0.939 0.838 
   1   (0.157) 0.171 0.011 0.183 0.061 0.061 0.162 

Locus 177 : S1258188_29724 
2 alleles
0.0% missing data
   3   (0.909) 0.912 0.906 0.903 0.972 0.763 0.920 
   2   (0.091) 0.088 0.094 0.097 0.028 0.237 0.080 

Locus 178 : S1258892_4040 
2 alleles
0.0% missing data
   1   (0.909) 0.901 0.988 0.908 0.949 0.933 0.915 
   2   (0.091) 0.099 0.012 0.092 0.051 0.067 0.085 

Locus 179 : S1259049_465 
2 alleles
0.6% missing data
   4   (0.868) 0.870 0.883 0.863 0.945 0.918 0.872 
   3   (0.132) 0.130 0.117 0.137 0.055 0.082 0.128 

Locus 180 : S1259049_477 
2 alleles
0.6% missing data
   4   (0.885) 0.883 0.973 0.892 0.939 0.892 0.888 
   3   (0.115) 0.117 0.027 0.108 0.061 0.108 0.112 

Locus 181 : S1259781_3008 
2 alleles
0.0% missing data
   4   (0.914) 0.919 0.972 0.915 0.941 0.926 0.921 
   3   (0.086) 0.081 0.028 0.085 0.059 0.074 0.079 

Locus 182 : S1259785_2756 
2 alleles
0.0% missing data
   4   (0.688) 0.688 0.948 0.689 0.510 0.611 0.688 
   1   (0.312) 0.312 0.052 0.311 0.490 0.389 0.312 

Locus 183 : S1260049_7255 
2 alleles
1.2% missing data
   1   (0.948) 0.950 0.848 0.955 0.985 0.969 0.948 
   2   (0.052) 0.050 0.152 0.045 0.015 0.031 0.052 

Locus 184 : S1260180_2177 
2 alleles
3.0% missing data
   4   (0.226) 0.232 0.020 0.236 0.336 0.108 0.247 
   3   (0.774) 0.768 0.980 0.764 0.664 0.892 0.753 

Locus 185 : S1261119_11829 
2 alleles
4.8% missing data
   2   (0.960) 0.962 0.917 0.960 0.984 0.920 0.966 
   4   (0.040) 0.038 0.083 0.040 0.016 0.080 0.034 

Locus 186 : S1262887_15129 
2 alleles
1.8% missing data
   2   (0.917) 0.920 0.985 0.919 0.919 0.925 0.918 
   1   (0.083) 0.080 0.015 0.081 0.081 0.075 0.082 

Locus 187 : S1262887_15130 
2 alleles
1.8% missing data
   4   (0.875) 0.880 0.858 0.874 0.912 0.901 0.881 
   1   (0.125) 0.120 0.142 0.126 0.088 0.099 0.119 

Locus 188 : S1262887_15131 
2 alleles
1.8% missing data
   2   (0.909) 0.910 0.953 0.914 0.945 0.902 0.915 
   1   (0.091) 0.090 0.047 0.086 0.055 0.098 0.085 

Locus 189 : S1262887_15133 
2 alleles
1.8% missing data
   4   (0.835) 0.837 0.846 0.838 0.840 0.888 0.840 
   3   (0.165) 0.163 0.154 0.162 0.160 0.112 0.160 

Locus 190 : S1262896_13557 
2 alleles
4.8% missing data
   1   (0.642) 0.648 0.165 0.635 0.881 0.493 0.648 
   3   (0.358) 0.352 0.835 0.365 0.119 0.507 0.352 

Locus 191 : S1263134_1427 
2 alleles
0.0% missing data
   1   (0.860) 0.865 0.974 0.873 0.830 0.815 0.848 
   2   (0.140) 0.135 0.026 0.127 0.170 0.185 0.152 

Locus 192 : S1263254_1246 
2 alleles
0.0% missing data
   3   (0.343) 0.334 0.336 0.349 0.274 0.455 0.337 
   2   (0.657) 0.666 0.664 0.651 0.726 0.545 0.663 

Locus 193 : S1263382_20857 
2 alleles
0.0% missing data
   4   (0.504) 0.499 0.547 0.505 0.536 0.687 0.491 
   2   (0.496) 0.501 0.453 0.495 0.464 0.313 0.509 

Locus 194 : S1263408_43 
2 alleles
17.5% missing data
   1   (0.860) 0.862 0.921 0.862 0.876 0.870 0.858 
   4   (0.140) 0.138 0.079 0.138 0.124 0.130 0.142 

Locus 195 : S1263408_48 
2 alleles
17.5% missing data
   1   (0.853) 0.856 0.905 0.853 0.789 0.921 0.860 
   4   (0.147) 0.144 0.095 0.147 0.211 0.079 0.140 

Locus 196 : S1263408_58 
2 alleles
17.5% missing data
   1   (0.853) 0.855 0.714 0.862 0.854 0.814 0.867 
   2   (0.147) 0.145 0.286 0.138 0.146 0.186 0.133 

Locus 197 : S1263408_71 
2 alleles
17.5% missing data
   1   (0.899) 0.901 0.866 0.903 0.949 0.944 0.896 
   2   (0.101) 0.099 0.134 0.097 0.051 0.056 0.104 

Locus 198 : S1263408_72 
2 alleles
17.5% missing data
   1   (0.821) 0.822 0.871 0.832 0.883 0.848 0.825 
   4   (0.179) 0.178 0.129 0.168 0.117 0.152 0.175 

Locus 199 : S1263408_82 
2 alleles
17.5% missing data
   1   (0.531) 0.520 0.791 0.505 0.627 0.514 0.542 
   3   (0.469) 0.480 0.209 0.495 0.373 0.486 0.458 

Locus 200 : S1263408_84 
2 alleles
17.5% missing data
   1   (0.887) 0.892 0.846 0.902 0.888 0.925 0.888 
   4   (0.113) 0.108 0.154 0.098 0.112 0.075 0.112 

Locus 201 : S1263767_25541 
2 alleles
5.4% missing data
   1   (0.921) 0.924 0.884 0.925 0.971 0.918 0.935 
   4   (0.079) 0.076 0.116 0.075 0.029 0.082 0.065 

Locus 202 : S1264432_27526 
2 alleles
0.0% missing data
   2   (0.565) 0.566 0.889 0.520 0.862 0.378 0.568 
   4   (0.435) 0.434 0.111 0.480 0.138 0.622 0.432 

Locus 203 : S1265854_19793 
2 alleles
9.6% missing data
   4   (0.912) 0.915 0.521 0.918 0.964 0.821 0.925 
   2   (0.088) 0.085 0.479 0.082 0.036 0.179 0.075 

Locus 204 : S1266045_13214 
2 alleles
0.0% missing data
   2   (0.718) 0.725 0.344 0.710 0.767 0.804 0.720 
   4   (0.282) 0.275 0.656 0.290 0.233 0.196 0.280 

Locus 205 : S1267073_2296 
2 alleles
0.0% missing data
   3   (0.899) 0.904 0.982 0.910 0.809 0.849 0.906 
   1   (0.101) 0.096 0.018 0.090 0.191 0.151 0.094 

Locus 206 : S1267341_44135 
2 alleles
0.0% missing data
   1   (0.921) 0.927 0.978 0.919 0.966 0.757 0.926 
   3   (0.079) 0.073 0.022 0.081 0.034 0.243 0.074 

Locus 207 : S1268083_1751 
2 alleles
7.2% missing data
   1   (0.916) 0.914 0.952 0.920 0.967 0.915 0.919 
   2   (0.084) 0.086 0.048 0.080 0.033 0.085 0.081 

Locus 208 : S1268083_1757 
2 alleles
7.2% missing data
   1   (0.911) 0.921 0.989 0.914 0.925 0.951 0.901 
   2   (0.089) 0.079 0.011 0.086 0.075 0.049 0.099 

Locus 209 : S1268083_1763 
2 alleles
7.2% missing data
   1   (0.880) 0.880 0.919 0.892 0.914 0.889 0.881 
   2   (0.120) 0.120 0.081 0.108 0.086 0.111 0.119 

Locus 210 : S1268773_11941 
2 alleles
15.7% missing data
   1   (0.834) 0.835 0.884 0.842 0.865 0.783 0.843 
   2   (0.166) 0.165 0.116 0.158 0.135 0.217 0.157 

Locus 211 : S1268976_18207 
2 alleles
0.0% missing data
   4   (0.891) 0.883 0.988 0.896 0.944 0.897 0.887 
   2   (0.109) 0.117 0.012 0.104 0.056 0.103 0.113 

Locus 212 : S1269155_976 
2 alleles
0.0% missing data
   3   (0.886) 0.886 0.787 0.878 0.962 0.942 0.889 
   1   (0.114) 0.114 0.213 0.122 0.038 0.058 0.111 

Locus 213 : S1269211_19394 
2 alleles
0.0% missing data
   1   (0.938) 0.941 0.977 0.934 0.980 0.829 0.950 
   3   (0.062) 0.059 0.023 0.066 0.020 0.171 0.050 

Locus 214 : S1269407_3175 
2 alleles
0.0% missing data
   4   (0.940) 0.948 0.946 0.944 0.936 0.962 0.942 
   3   (0.060) 0.052 0.054 0.056 0.064 0.038 0.058 

Locus 215 : S1269627_3323 
2 alleles
9.6% missing data
   1   (0.884) 0.891 0.914 0.880 0.923 0.909 0.896 
   2   (0.116) 0.109 0.086 0.120 0.077 0.091 0.104 

Locus 216 : S1269650_15496 
2 alleles
0.0% missing data
   3   (0.821) 0.809 0.518 0.821 0.937 0.902 0.821 
   1   (0.179) 0.191 0.482 0.179 0.063 0.098 0.179 

Locus 217 : S1269856_53219 
2 alleles
0.0% missing data
   4   (0.887) 0.891 0.289 0.903 0.675 0.921 0.889 
   1   (0.113) 0.109 0.711 0.097 0.325 0.079 0.111 

Locus 218 : S1269941_12675 
2 alleles
17.5% missing data
   4   (0.887) 0.890 0.978 0.889 0.936 0.859 0.887 
   3   (0.113) 0.110 0.022 0.111 0.064 0.141 0.113 

Locus 219 : S1270048_19178 
2 alleles
0.6% missing data
   3   (0.868) 0.873 0.852 0.882 0.856 0.914 0.873 
   4   (0.132) 0.127 0.148 0.118 0.144 0.086 0.127 

Locus 220 : S1270048_19181 
2 alleles
0.6% missing data
   3   (0.862) 0.868 0.900 0.867 0.842 0.876 0.864 
   4   (0.138) 0.132 0.100 0.133 0.158 0.124 0.136 

Locus 221 : S1270277_18447 
2 alleles
4.8% missing data
   1   (0.932) 0.936 0.975 0.933 0.921 0.948 0.935 
   2   (0.068) 0.064 0.025 0.067 0.079 0.052 0.065 

Locus 222 : S1270830_26771 
2 alleles
0.0% missing data
   1   (0.680) 0.686 0.739 0.687 0.717 0.691 0.675 
   2   (0.320) 0.314 0.261 0.313 0.283 0.309 0.325 

Locus 223 : S1270830_26776 
2 alleles
0.0% missing data
   3   (0.716) 0.706 0.738 0.707 0.709 0.722 0.739 
   2   (0.284) 0.294 0.262 0.293 0.291 0.278 0.261 

Locus 224 : S1270831_5632 
2 alleles
0.0% missing data
   1   (0.910) 0.916 0.953 0.919 0.821 0.949 0.915 
   4   (0.090) 0.084 0.047 0.081 0.179 0.051 0.085 

Locus 225 : S1270917_10924 
2 alleles
0.0% missing data
   4   (0.902) 0.902 0.942 0.911 0.930 0.917 0.908 
   3   (0.098) 0.098 0.058 0.089 0.070 0.083 0.092 

Locus 226 : S1271054_1363 
2 alleles
0.0% missing data
   2   (0.634) 0.624 0.897 0.607 0.799 0.500 0.661 
   4   (0.366) 0.376 0.103 0.393 0.201 0.500 0.339 

Locus 227 : S1271596_20417 
2 alleles
0.6% missing data
   2   (0.904) 0.914 0.717 0.912 0.929 0.789 0.918 
   1   (0.096) 0.086 0.283 0.088 0.071 0.211 0.082 

Locus 228 : S1271713_11760 
2 alleles
0.0% missing data
   1   (0.965) 0.968 0.572 0.968 0.985 0.939 0.973 
   3   (0.035) 0.032 0.428 0.032 0.015 0.061 0.027 

Locus 229 : S1272171_16009 
2 alleles
10.2% missing data
   4   (0.922) 0.921 0.901 0.923 0.965 0.955 0.928 
   3   (0.078) 0.079 0.099 0.077 0.035 0.045 0.072 

Locus 230 : S1272190_475 
2 alleles
0.0% missing data
   4   (0.873) 0.866 0.989 0.867 0.912 0.934 0.872 
   1   (0.127) 0.134 0.011 0.133 0.088 0.066 0.128 

Locus 231 : S1272196_31924 
2 alleles
0.0% missing data
   1   (0.882) 0.884 0.706 0.886 0.958 0.785 0.893 
   3   (0.118) 0.116 0.294 0.114 0.042 0.215 0.107 

Locus 232 : S1272226_17215 
2 alleles
3.0% missing data
   1   (0.935) 0.942 0.911 0.936 0.968 0.951 0.951 
   2   (0.065) 0.058 0.089 0.064 0.032 0.049 0.049 

Locus 233 : S1272248_59903 
2 alleles
1.8% missing data
   1   (0.894) 0.892 0.959 0.900 0.945 0.931 0.898 
   2   (0.106) 0.108 0.041 0.100 0.055 0.069 0.102 

Locus 234 : S1272251_55734 
2 alleles
8.4% missing data
   4   (0.654) 0.648 0.955 0.635 0.886 0.556 0.636 
   1   (0.346) 0.352 0.045 0.365 0.114 0.444 0.364 

Locus 235 : S1272293_45019 
2 alleles
4.8% missing data
   1   (0.924) 0.934 0.984 0.928 0.949 0.945 0.909 
   2   (0.076) 0.066 0.016 0.072 0.051 0.055 0.091 

Locus 236 : S1272465_37157 
2 alleles
0.0% missing data
   4   (0.965) 0.970 0.890 0.967 0.990 0.947 0.970 
   2   (0.035) 0.030 0.110 0.033 0.010 0.053 0.030 

Locus 237 : S1272586_42617 
2 alleles
3.0% missing data
   4   (0.909) 0.910 0.975 0.908 0.930 0.938 0.912 
   3   (0.091) 0.090 0.025 0.092 0.070 0.062 0.088 

Locus 238 : S1272636_17787 
2 alleles
0.0% missing data
   4   (0.899) 0.903 0.862 0.896 0.858 0.941 0.898 
   3   (0.101) 0.097 0.138 0.104 0.142 0.059 0.102 

Locus 239 : S1272927_33196 
2 alleles
1.8% missing data
   4   (0.930) 0.931 0.981 0.931 0.938 0.920 0.935 
   3   (0.070) 0.069 0.019 0.069 0.062 0.080 0.065 

Locus 240 : S1272940_825 
2 alleles
1.8% missing data
   4   (0.840) 0.848 0.374 0.846 0.915 0.884 0.842 
   2   (0.160) 0.152 0.626 0.154 0.085 0.116 0.158 

Locus 241 : S1273139_2705 
2 alleles
16.9% missing data
   4   (0.936) 0.939 0.970 0.941 0.972 0.825 0.944 
   2   (0.064) 0.061 0.030 0.059 0.028 0.175 0.056 

Locus 242 : S1273200_20436 
2 alleles
13.9% missing data
   4   (0.910) 0.916 0.953 0.920 0.903 0.929 0.905 
   3   (0.090) 0.084 0.047 0.080 0.097 0.071 0.095 

Locus 243 : S1273266_45557 
2 alleles
1.8% missing data
   4   (0.902) 0.910 0.887 0.913 0.896 0.911 0.904 
   3   (0.098) 0.090 0.113 0.087 0.104 0.089 0.096 

Locus 244 : S1273338_427 
2 alleles
0.0% missing data
   4   (0.782) 0.789 0.849 0.792 0.793 0.772 0.773 
   3   (0.218) 0.211 0.151 0.208 0.207 0.228 0.227 

Locus 245 : S1273404_15103 
2 alleles
2.4% missing data
   2   (0.387) 0.385 0.716 0.368 0.699 0.348 0.363 
   3   (0.613) 0.615 0.284 0.632 0.301 0.652 0.637 

Locus 246 : S1273528_23959 
2 alleles
0.0% missing data
   2   (0.893) 0.885 0.990 0.890 0.811 0.955 0.896 
   3   (0.107) 0.115 0.010 0.110 0.189 0.045 0.104 

Locus 247 : S1273667_6939 
2 alleles
1.8% missing data
   1   (0.903) 0.911 0.937 0.917 0.957 0.935 0.887 
   2   (0.097) 0.089 0.063 0.083 0.043 0.065 0.113 

Locus 248 : S1273869_47551 
2 alleles
16.9% missing data
   4   (0.930) 0.933 0.911 0.940 0.947 0.957 0.932 
   3   (0.070) 0.067 0.089 0.060 0.053 0.043 0.068 

Locus 249 : S1273928_34779 
2 alleles
0.0% missing data
   1   (0.919) 0.920 0.987 0.918 0.909 0.959 0.928 
   2   (0.081) 0.080 0.013 0.082 0.091 0.041 0.072 

Locus 250 : S1274296_10229 
2 alleles
3.6% missing data
   1   (0.896) 0.892 0.945 0.902 0.933 0.942 0.901 
   2   (0.104) 0.108 0.055 0.098 0.067 0.058 0.099 

Locus 251 : S1274296_10232 
2 alleles
3.6% missing data
   1   (0.871) 0.872 0.963 0.871 0.923 0.898 0.868 
   2   (0.129) 0.128 0.037 0.129 0.077 0.102 0.132 

Locus 252 : S1274486_6133 
2 alleles
5.4% missing data
   3   (0.280) 0.267 0.188 0.264 0.770 0.211 0.281 
   1   (0.720) 0.733 0.812 0.736 0.230 0.789 0.719 

Locus 253 : S1274706_11344 
2 alleles
0.0% missing data
   1   (0.260) 0.248 0.648 0.258 0.363 0.137 0.264 
   3   (0.740) 0.752 0.352 0.742 0.637 0.863 0.736 

Locus 254 : S1274783_6967 
2 alleles
0.0% missing data
   2   (0.850) 0.854 0.975 0.857 0.615 0.782 0.862 
   4   (0.150) 0.146 0.025 0.143 0.385 0.218 0.138 

Locus 255 : S1274835_22433 
2 alleles
0.0% missing data
   3   (0.943) 0.947 0.754 0.943 0.978 0.959 0.951 
   1   (0.057) 0.053 0.246 0.057 0.022 0.041 0.049 

Locus 256 : S1274947_47362 
2 alleles
1.8% missing data
   1   (0.922) 0.924 0.989 0.929 0.964 0.892 0.918 
   2   (0.078) 0.076 0.011 0.071 0.036 0.108 0.082 

Locus 257 : S1275013_25979 
2 alleles
0.0% missing data
   1   (0.928) 0.934 0.652 0.933 0.963 0.868 0.940 
   3   (0.072) 0.066 0.348 0.067 0.037 0.132 0.060 

Locus 258 : S1275066_18277 
2 alleles
1.2% missing data
   1   (0.466) 0.456 0.636 0.462 0.296 0.391 0.497 
   4   (0.534) 0.544 0.364 0.538 0.704 0.609 0.503 

Locus 259 : S1275086_72608 
2 alleles
0.0% missing data
   3   (0.979) 0.981 0.765 0.985 0.993 0.990 0.985 
   1   (0.021) 0.019 0.235 0.015 0.007 0.010 0.015 

Locus 260 : S1275197_13471 
2 alleles
3.6% missing data
   2   (0.516) 0.511 0.639 0.501 0.480 0.703 0.511 
   4   (0.484) 0.489 0.361 0.499 0.520 0.297 0.489 

Locus 261 : S1275224_54013 
2 alleles
0.6% missing data
   1   (0.881) 0.882 0.978 0.875 0.945 0.889 0.884 
   2   (0.119) 0.118 0.022 0.125 0.055 0.111 0.116 

Locus 262 : S1275242_779 
2 alleles
0.0% missing data
   4   (0.839) 0.833 0.907 0.842 0.935 0.892 0.836 
   3   (0.161) 0.167 0.093 0.158 0.065 0.108 0.164 

Locus 263 : S1275242_7423 
2 alleles
0.0% missing data
   2   (0.234) 0.248 0.264 0.232 0.128 0.214 0.230 
   3   (0.766) 0.752 0.736 0.768 0.872 0.786 0.770 

Locus 264 : S1275251_16341 
2 alleles
0.0% missing data
   4   (0.885) 0.887 0.947 0.887 0.938 0.921 0.890 
   3   (0.115) 0.113 0.053 0.113 0.062 0.079 0.110 

Locus 265 : S1275422_6510 
2 alleles
3.0% missing data
   3   (0.869) 0.874 0.986 0.877 0.707 0.923 0.854 
   4   (0.131) 0.126 0.014 0.123 0.293 0.077 0.146 

Locus 266 : S1275465_16220 
2 alleles
10.8% missing data
   1   (0.910) 0.911 0.899 0.918 0.967 0.929 0.910 
   2   (0.090) 0.089 0.101 0.082 0.033 0.071 0.090 

Locus 267 : S1275465_16542 
2 alleles
2.4% missing data
   4   (0.882) 0.893 0.977 0.881 0.893 0.887 0.887 
   3   (0.118) 0.107 0.023 0.119 0.107 0.113 0.113 

Locus 268 : S1275468_20868 
2 alleles
0.0% missing data
   4   (0.645) 0.643 0.387 0.642 0.845 0.766 0.632 
   2   (0.355) 0.357 0.613 0.358 0.155 0.234 0.368 

Locus 269 : S1275479_21941 
2 alleles
1.2% missing data
   4   (0.756) 0.757 0.481 0.743 0.914 0.527 0.781 
   1   (0.244) 0.243 0.519 0.257 0.086 0.473 0.219 

Locus 270 : S1275495_13575 
2 alleles
0.0% missing data
   1   (0.752) 0.760 0.786 0.749 0.784 0.806 0.734 
   2   (0.248) 0.240 0.214 0.251 0.216 0.194 0.266 

Locus 271 : S1275495_13582 
2 alleles
0.0% missing data
   1   (0.847) 0.845 0.942 0.848 0.869 0.833 0.849 
   2   (0.153) 0.155 0.058 0.152 0.131 0.167 0.151 

Locus 272 : S1275563_11764 
2 alleles
0.6% missing data
   1   (0.874) 0.878 0.948 0.872 0.909 0.867 0.878 
   2   (0.126) 0.122 0.052 0.128 0.091 0.133 0.122 

Locus 273 : S1275563_11802 
2 alleles
0.6% missing data
   4   (0.917) 0.914 0.980 0.928 0.959 0.927 0.906 
   3   (0.083) 0.086 0.020 0.072 0.041 0.073 0.094 

Locus 274 : S1275563_11802 
2 alleles
0.6% missing data
   4   (0.924) 0.930 0.934 0.923 0.939 0.933 0.933 
   3   (0.076) 0.070 0.066 0.077 0.061 0.067 0.067 

Locus 275 : S1275665_3375 
2 alleles
4.2% missing data
   1   (0.918) 0.927 0.957 0.914 0.966 0.931 0.919 
   2   (0.082) 0.073 0.043 0.086 0.034 0.069 0.081 

Locus 276 : S1275674_1935 
2 alleles
0.0% missing data
   2   (0.285) 0.283 0.032 0.270 0.514 0.314 0.308 
   4   (0.715) 0.717 0.968 0.730 0.486 0.686 0.692 

Locus 277 : S1275681_7938 
2 alleles
12.7% missing data
   1   (0.911) 0.915 0.968 0.912 0.945 0.936 0.912 
   2   (0.089) 0.085 0.032 0.088 0.055 0.064 0.088 

Locus 278 : S1275681_7956 
2 alleles
12.7% missing data
   1   (0.733) 0.728 0.739 0.740 0.738 0.684 0.746 
   2   (0.267) 0.272 0.261 0.260 0.262 0.316 0.254 

Locus 279 : S1275681_7963 
2 alleles
12.7% missing data
   4   (0.876) 0.883 0.907 0.881 0.820 0.904 0.881 
   3   (0.124) 0.117 0.093 0.119 0.180 0.096 0.119 

Locus 280 : S1275681_7964 
2 alleles
12.7% missing data
   1   (0.895) 0.897 0.963 0.905 0.859 0.926 0.894 
   4   (0.105) 0.103 0.037 0.095 0.141 0.074 0.106 

Locus 281 : S1275681_7970 
2 alleles
12.7% missing data
   1   (0.914) 0.922 0.945 0.892 0.971 0.930 0.915 
   2   (0.086) 0.078 0.055 0.108 0.029 0.070 0.085 

Locus 282 : S1275681_7975 
2 alleles
12.7% missing data
   4   (0.891) 0.898 0.928 0.898 0.840 0.914 0.889 
   3   (0.109) 0.102 0.072 0.102 0.160 0.086 0.111 

Locus 283 : S1275790_11241 
2 alleles
0.0% missing data
   1   (0.859) 0.870 0.522 0.874 0.795 0.728 0.873 
   3   (0.141) 0.130 0.478 0.126 0.205 0.272 0.127 

Locus 284 : S1275811_19329 
2 alleles
0.0% missing data
   2   (0.377) 0.368 0.061 0.377 0.699 0.247 0.389 
   1   (0.623) 0.632 0.939 0.623 0.301 0.753 0.611 

Locus 285 : S1275864_1285 
2 alleles
0.6% missing data
   4   (0.888) 0.888 0.974 0.882 0.940 0.929 0.882 
   3   (0.112) 0.112 0.026 0.118 0.060 0.071 0.118 

Locus 286 : S1275888_24859 
2 alleles
0.0% missing data
   1   (0.635) 0.626 0.967 0.614 0.702 0.737 0.627 
   3   (0.365) 0.374 0.033 0.386 0.298 0.263 0.373 

Locus 287 : S1275947_10339 
2 alleles
1.8% missing data
   1   (0.250) 0.253 0.063 0.232 0.378 0.129 0.276 
   4   (0.750) 0.747 0.937 0.768 0.622 0.871 0.724 

Locus 288 : S1275947_10760 
2 alleles
3.0% missing data
   4   (0.907) 0.909 0.974 0.911 0.947 0.947 0.895 
   3   (0.093) 0.091 0.026 0.089 0.053 0.053 0.105 

Locus 289 : S1275947_10774 
2 alleles
3.0% missing data
   4   (0.900) 0.906 0.942 0.904 0.897 0.948 0.892 
   3   (0.100) 0.094 0.058 0.096 0.103 0.052 0.108 

Locus 290 : S1276005_16740 
2 alleles
0.0% missing data
   3   (0.942) 0.947 0.899 0.941 0.980 0.802 0.951 
   4   (0.058) 0.053 0.101 0.059 0.020 0.198 0.049 

Locus 291 : S1276020_16453 
2 alleles
2.4% missing data
   1   (0.920) 0.918 0.961 0.927 0.900 0.945 0.927 
   2   (0.080) 0.082 0.039 0.073 0.100 0.055 0.073 

Locus 292 : S1276035_25929 
2 alleles
1.8% missing data
   4   (0.857) 0.858 0.103 0.856 0.947 0.824 0.864 
   2   (0.143) 0.142 0.897 0.144 0.053 0.176 0.136 

Locus 293 : S1276194_62711 
2 alleles
0.0% missing data
   1   (0.764) 0.751 0.783 0.768 0.829 0.880 0.747 
   2   (0.236) 0.249 0.217 0.232 0.171 0.120 0.253 

Locus 294 : S1276204_40965 
2 alleles
7.2% missing data
   4   (0.930) 0.936 0.992 0.935 0.915 0.918 0.934 
   3   (0.070) 0.064 0.008 0.065 0.085 0.082 0.066 

Locus 295 : S1276204_90910 
2 alleles
0.0% missing data
   4   (0.887) 0.887 0.946 0.897 0.913 0.927 0.885 
   3   (0.113) 0.113 0.054 0.103 0.087 0.073 0.115 

Locus 296 : S1276204_90928 
2 alleles
0.0% missing data
   4   (0.902) 0.902 0.961 0.909 0.912 0.945 0.892 
   3   (0.098) 0.098 0.039 0.091 0.088 0.055 0.108 

Locus 297 : S1276209_3399 
2 alleles
0.0% missing data
   3   (0.981) 0.984 0.811 0.985 0.993 0.989 0.985 
   1   (0.019) 0.016 0.189 0.015 0.007 0.011 0.015 

Locus 298 : S1276446_15293 
2 alleles
1.2% missing data
   3   (0.908) 0.915 0.902 0.905 0.968 0.738 0.922 
   1   (0.092) 0.085 0.098 0.095 0.032 0.262 0.078 

Locus 299 : S1276451_65926 
2 alleles
6.0% missing data
   1   (0.966) 0.965 0.802 0.973 0.988 0.981 0.974 
   3   (0.034) 0.035 0.198 0.027 0.012 0.019 0.026 

Locus 300 : S1276473_1539 
2 alleles
0.0% missing data
   4   (0.850) 0.855 0.874 0.837 0.871 0.860 0.866 
   1   (0.150) 0.145 0.126 0.163 0.129 0.140 0.134 

Locus 301 : S1276473_1611 
2 alleles
0.0% missing data
   4   (0.736) 0.735 0.727 0.750 0.633 0.716 0.743 
   3   (0.264) 0.265 0.273 0.250 0.367 0.284 0.257 

Locus 302 : S1276473_1617 
2 alleles
0.0% missing data
   1   (0.699) 0.703 0.708 0.696 0.673 0.759 0.712 
   4   (0.301) 0.297 0.292 0.304 0.327 0.241 0.288 

Locus 303 : S1276583_12650 
2 alleles
0.6% missing data
   4   (0.933) 0.934 0.926 0.931 0.976 0.945 0.940 
   3   (0.067) 0.066 0.074 0.069 0.024 0.055 0.060 

Locus 304 : S1276588_534 
2 alleles
0.0% missing data
   1   (0.383) 0.376 0.240 0.375 0.416 0.440 0.395 
   2   (0.617) 0.624 0.760 0.625 0.584 0.560 0.605 

Locus 305 : S1276595_7079 
2 alleles
5.4% missing data
   1   (0.915) 0.916 0.353 0.917 0.965 0.935 0.920 
   4   (0.085) 0.084 0.647 0.083 0.035 0.065 0.080 

Locus 306 : S1276642_98870 
2 alleles
1.8% missing data
   4   (0.907) 0.907 0.986 0.916 0.946 0.898 0.901 
   3   (0.093) 0.093 0.014 0.084 0.054 0.102 0.099 

Locus 307 : S1276725_33081 
2 alleles
3.6% missing data
   1   (0.935) 0.936 0.914 0.942 0.966 0.943 0.948 
   2   (0.065) 0.064 0.086 0.058 0.034 0.057 0.052 

Locus 308 : S1276725_33090 
2 alleles
3.6% missing data
   1   (0.943) 0.947 0.926 0.952 0.940 0.957 0.941 
   2   (0.057) 0.053 0.074 0.048 0.060 0.043 0.059 

Locus 309 : S1276863_30306 
2 alleles
0.0% missing data
   3   (0.921) 0.929 0.812 0.927 0.968 0.756 0.933 
   2   (0.079) 0.071 0.188 0.073 0.032 0.244 0.067 

Locus 310 : S1276893_5404 
2 alleles
18.1% missing data
   4   (0.519) 0.511 0.687 0.510 0.528 0.548 0.521 
   1   (0.481) 0.489 0.313 0.490 0.472 0.452 0.479 

Locus 311 : S1276912_18670 
2 alleles
0.0% missing data
   3   (0.609) 0.606 0.912 0.610 0.544 0.799 0.576 
   1   (0.391) 0.394 0.088 0.390 0.456 0.201 0.424 

Locus 312 : S1276968_20550 
2 alleles
0.6% missing data
   4   (0.920) 0.928 0.970 0.929 0.953 0.913 0.915 
   3   (0.080) 0.072 0.030 0.071 0.047 0.087 0.085 

Locus 313 : S1276968_20562 
2 alleles
0.6% missing data
   4   (0.715) 0.709 0.722 0.711 0.690 0.738 0.733 
   3   (0.285) 0.291 0.278 0.289 0.310 0.262 0.267 

Locus 314 : S1277146_1383 
2 alleles
0.0% missing data
   2   (0.956) 0.961 0.787 0.958 0.983 0.889 0.965 
   1   (0.044) 0.039 0.213 0.042 0.017 0.111 0.035 

Locus 315 : S1277153_3835 
2 alleles
0.0% missing data
   4   (0.917) 0.916 0.956 0.922 0.959 0.922 0.921 
   3   (0.083) 0.084 0.044 0.078 0.041 0.078 0.079 

Locus 316 : S1277169_232 
2 alleles
0.0% missing data
   1   (0.664) 0.663 0.935 0.664 0.659 0.696 0.653 
   3   (0.336) 0.337 0.065 0.336 0.341 0.304 0.347 

Locus 317 : S1277172_7766 
2 alleles
1.2% missing data
   4   (0.912) 0.920 0.897 0.918 0.897 0.909 0.916 
   3   (0.088) 0.080 0.103 0.082 0.103 0.091 0.084 

Locus 318 : S1277190_42489 
2 alleles
0.6% missing data
   4   (0.904) 0.904 0.966 0.918 0.926 0.938 0.907 
   3   (0.096) 0.096 0.034 0.082 0.074 0.062 0.093 

Locus 319 : S1277230_305 
2 alleles
0.0% missing data
   1   (0.739) 0.728 0.726 0.710 0.916 0.831 0.743 
   4   (0.261) 0.272 0.274 0.290 0.084 0.169 0.257 

Locus 320 : S1277249_1308 
2 alleles
0.0% missing data
   2   (0.966) 0.969 0.747 0.967 0.988 0.978 0.973 
   4   (0.034) 0.031 0.253 0.033 0.012 0.022 0.027 

Locus 321 : S1277323_17323 
2 alleles
0.0% missing data
   1   (0.132) 0.127 0.153 0.113 0.175 0.063 0.162 
   3   (0.868) 0.873 0.847 0.887 0.825 0.937 0.838 

Locus 322 : S1277353_38519 
2 alleles
6.6% missing data
   2   (0.914) 0.921 0.763 0.916 0.963 0.817 0.919 
   4   (0.086) 0.079 0.237 0.084 0.037 0.183 0.081 

Locus 323 : S1277353_38597 
2 alleles
13.3% missing data
   1   (0.906) 0.911 0.814 0.913 0.968 0.770 0.916 
   3   (0.094) 0.089 0.186 0.087 0.032 0.230 0.084 

Locus 324 : S1277544_15845 
2 alleles
0.0% missing data
   3   (0.755) 0.745 0.963 0.743 0.852 0.693 0.771 
   1   (0.245) 0.255 0.037 0.257 0.148 0.307 0.229 

Locus 325 : S1277609_94808 
2 alleles
0.0% missing data
   3   (0.271) 0.267 0.490 0.258 0.544 0.180 0.270 
   2   (0.729) 0.733 0.510 0.742 0.456 0.820 0.730 

Locus 326 : S1277609_11957 
2 alleles
0.0% missing data
   3   (0.890) 0.898 0.987 0.901 0.658 0.828 0.888 
   1   (0.110) 0.102 0.013 0.099 0.342 0.172 0.112 

Locus 327 : S1277698_1671 
2 alleles
1.2% missing data
   4   (0.917) 0.921 0.971 0.916 0.939 0.956 0.918 
   3   (0.083) 0.079 0.029 0.084 0.061 0.044 0.082 

Locus 328 : S1277791_9464 
2 alleles
6.0% missing data
   4   (0.865) 0.871 0.519 0.870 0.953 0.787 0.864 
   1   (0.135) 0.129 0.481 0.130 0.047 0.213 0.136 

Locus 329 : S1277831_29484 
2 alleles
0.6% missing data
   3   (0.959) 0.966 0.845 0.964 0.985 0.906 0.968 
   1   (0.041) 0.034 0.155 0.036 0.015 0.094 0.032 

Locus 330 : S1277863_1542 
2 alleles
1.2% missing data
   1   (0.931) 0.925 0.976 0.928 0.950 0.935 0.941 
   2   (0.069) 0.075 0.024 0.072 0.050 0.065 0.059 

Locus 331 : S1277911_36694 
2 alleles
15.7% missing data
   3   (0.527) 0.530 0.761 0.504 0.534 0.450 0.533 
   2   (0.473) 0.470 0.239 0.496 0.466 0.550 0.467 

Locus 332 : S1277911_36698 
2 alleles
15.7% missing data
   3   (0.124) 0.121 0.065 0.117 0.186 0.198 0.121 
   2   (0.876) 0.879 0.935 0.883 0.814 0.802 0.879 

Locus 333 : S1277931_14528 
2 alleles
0.0% missing data
   2   (0.406) 0.400 0.054 0.406 0.551 0.404 0.433 
   4   (0.594) 0.600 0.946 0.594 0.449 0.596 0.567 

Locus 334 : S1278048_4453 
2 alleles
0.6% missing data
   4   (0.869) 0.872 0.932 0.875 0.943 0.911 0.859 
   3   (0.131) 0.128 0.068 0.125 0.057 0.089 0.141 

Locus 335 : S1278072_82224 
2 alleles
0.0% missing data
   1   (0.675) 0.669 0.554 0.678 0.774 0.673 0.680 
   2   (0.325) 0.331 0.446 0.322 0.226 0.327 0.320 

Locus 336 : S1278091_9790 
2 alleles
0.6% missing data
   1   (0.877) 0.874 0.898 0.878 0.942 0.910 0.879 
   2   (0.123) 0.126 0.102 0.122 0.058 0.090 0.121 

Locus 337 : S1278091_9797 
2 alleles
0.6% missing data
   1   (0.916) 0.923 0.965 0.904 0.962 0.928 0.921 
   2   (0.084) 0.077 0.035 0.096 0.038 0.072 0.079 

Locus 338 : S1278094_5085 
2 alleles
0.0% missing data
   3   (0.105) 0.093 0.045 0.098 0.304 0.072 0.112 
   1   (0.895) 0.907 0.955 0.902 0.696 0.928 0.888 

Locus 339 : S1278149_3014 
2 alleles
0.0% missing data
   4   (0.781) 0.777 0.890 0.776 0.814 0.790 0.787 
   3   (0.219) 0.223 0.110 0.224 0.186 0.210 0.213 

Locus 340 : S1278151_44805 
2 alleles
2.4% missing data
   1   (0.857) 0.857 0.980 0.861 0.889 0.863 0.855 
   2   (0.143) 0.143 0.020 0.139 0.111 0.137 0.145 

Locus 341 : S1278387_14770 
2 alleles
0.0% missing data
   1   (0.112) 0.125 0.010 0.098 0.194 0.049 0.125 
   3   (0.888) 0.875 0.990 0.902 0.806 0.951 0.875 

Locus 342 : S1278476_6903 
2 alleles
0.0% missing data
   4   (0.956) 0.959 0.680 0.958 0.983 0.906 0.966 
   1   (0.044) 0.041 0.320 0.042 0.017 0.094 0.034 

Locus 343 : S1278603_83170 
2 alleles
0.0% missing data
   4   (0.916) 0.918 0.982 0.923 0.959 0.931 0.903 
   3   (0.084) 0.082 0.018 0.077 0.041 0.069 0.097 

Locus 344 : S1278634_13126 
2 alleles
0.0% missing data
   1   (0.626) 0.634 0.664 0.614 0.714 0.429 0.641 
   4   (0.374) 0.366 0.336 0.386 0.286 0.571 0.359 

Locus 345 : S1278802_29661 
2 alleles
3.0% missing data
   4   (0.923) 0.932 0.954 0.932 0.883 0.944 0.919 
   3   (0.077) 0.068 0.046 0.068 0.117 0.056 0.081 

Locus 346 : S1278860_32228 
2 alleles
1.8% missing data
   1   (0.969) 0.970 0.716 0.973 0.989 0.974 0.972 
   4   (0.031) 0.030 0.284 0.027 0.011 0.026 0.028 

Locus 347 : S1278975_5668 
2 alleles
0.0% missing data
   1   (0.925) 0.923 0.924 0.935 0.964 0.962 0.921 
   2   (0.075) 0.077 0.076 0.065 0.036 0.038 0.079 

Locus 348 : S1279005_17776 
2 alleles
0.0% missing data
   1   (0.943) 0.947 0.881 0.954 0.889 0.956 0.950 
   3   (0.057) 0.053 0.119 0.046 0.111 0.044 0.050 

Locus 349 : S1279036_5737 
2 alleles
0.0% missing data
   1   (0.940) 0.945 0.946 0.944 0.947 0.955 0.947 
   2   (0.060) 0.055 0.054 0.056 0.053 0.045 0.053 

Locus 350 : S1279036_5752 
2 alleles
0.0% missing data
   1   (0.764) 0.764 0.945 0.764 0.822 0.804 0.746 
   2   (0.236) 0.236 0.055 0.236 0.178 0.196 0.254 

Locus 351 : S1279038_57022 
2 alleles
2.4% missing data
   1   (0.909) 0.908 0.974 0.922 0.957 0.947 0.887 
   2   (0.091) 0.092 0.026 0.078 0.043 0.053 0.113 

Locus 352 : S1279038_57413 
2 alleles
3.6% missing data
   4   (0.918) 0.914 0.934 0.929 0.959 0.927 0.929 
   3   (0.082) 0.086 0.066 0.071 0.041 0.073 0.071 

Locus 353 : S1279043_32394 
2 alleles
6.6% missing data
   4   (0.918) 0.918 0.971 0.924 0.948 0.930 0.923 
   3   (0.082) 0.082 0.029 0.076 0.052 0.070 0.077 

Locus 354 : S1279092_29518 
2 alleles
0.0% missing data
   4   (0.668) 0.669 0.393 0.652 0.890 0.574 0.682 
   1   (0.332) 0.331 0.607 0.348 0.110 0.426 0.318 

Locus 355 : S1279102_33370 
2 alleles
1.2% missing data
   4   (0.785) 0.774 0.890 0.784 0.884 0.844 0.792 
   2   (0.215) 0.226 0.110 0.216 0.116 0.156 0.208 

Locus 356 : S1279107_30838 
2 alleles
0.0% missing data
   3   (0.818) 0.826 0.748 0.811 0.824 0.843 0.816 
   1   (0.182) 0.174 0.252 0.189 0.176 0.157 0.184 

Locus 357 : S1279147_28105 
2 alleles
0.0% missing data
   4   (0.950) 0.955 0.940 0.951 0.985 0.876 0.957 
   2   (0.050) 0.045 0.060 0.049 0.015 0.124 0.043 

Locus 358 : S1279169_35659 
2 alleles
1.8% missing data
   4   (0.900) 0.903 0.909 0.901 0.957 0.888 0.909 
   3   (0.100) 0.097 0.091 0.099 0.043 0.112 0.091 

Locus 359 : S1279205_93131 
2 alleles
4.8% missing data
   3   (0.970) 0.973 0.740 0.976 0.990 0.983 0.976 
   1   (0.030) 0.027 0.260 0.024 0.010 0.017 0.024 

Locus 360 : S1279205_13628 
2 alleles
0.0% missing data
   3   (0.945) 0.944 0.995 0.945 0.868 0.970 0.952 
   4   (0.055) 0.056 0.005 0.055 0.132 0.030 0.048 

Locus 361 : S1279222_9821 
2 alleles
0.0% missing data
   3   (0.866) 0.869 0.848 0.870 0.908 0.906 0.864 
   4   (0.134) 0.131 0.152 0.130 0.092 0.094 0.136 

Locus 362 : S1279254_7787 
2 alleles
0.0% missing data
   3   (0.884) 0.893 0.984 0.879 0.887 0.773 0.896 
   1   (0.116) 0.107 0.016 0.121 0.113 0.227 0.104 

Locus 363 : S1279255_40854 
2 alleles
5.4% missing data
   1   (0.801) 0.802 0.981 0.801 0.596 0.904 0.781 
   2   (0.199) 0.198 0.019 0.199 0.404 0.096 0.219 

Locus 364 : S1279292_75012 
2 alleles
11.4% missing data
   4   (0.727) 0.734 0.951 0.721 0.726 0.663 0.724 
   2   (0.273) 0.266 0.049 0.279 0.274 0.337 0.276 

Locus 365 : S1279325_23673 
2 alleles
0.0% missing data
   1   (0.946) 0.951 0.916 0.953 0.938 0.969 0.953 
   3   (0.054) 0.049 0.084 0.047 0.062 0.031 0.047 

Locus 366 : S1279339_9001 
2 alleles
3.0% missing data
   1   (0.924) 0.925 0.984 0.931 0.964 0.906 0.924 
   2   (0.076) 0.075 0.016 0.069 0.036 0.094 0.076 

Locus 367 : S1279357_87958 
2 alleles
1.2% missing data
   3   (0.919) 0.918 0.988 0.912 0.977 0.853 0.928 
   4   (0.081) 0.082 0.012 0.088 0.023 0.147 0.072 

Locus 368 : S1279357_88278 
2 alleles
3.0% missing data
   4   (0.805) 0.814 0.888 0.810 0.867 0.815 0.791 
   3   (0.195) 0.186 0.112 0.190 0.133 0.185 0.209 

Locus 369 : S1279571_1977 
2 alleles
0.0% missing data
   3   (0.674) 0.669 0.755 0.674 0.843 0.679 0.672 
   1   (0.326) 0.331 0.245 0.326 0.157 0.321 0.328 

Locus 370 : S1279652_6221 
2 alleles
0.0% missing data
   2   (0.296) 0.290 0.637 0.273 0.428 0.391 0.289 
   3   (0.704) 0.710 0.363 0.727 0.572 0.609 0.711 

Locus 371 : S1279722_77211 
2 alleles
0.0% missing data
   1   (0.824) 0.825 0.685 0.836 0.901 0.714 0.830 
   2   (0.176) 0.175 0.315 0.164 0.099 0.286 0.170 

Locus 372 : S1279762_44235 
2 alleles
0.0% missing data
   2   (0.604) 0.591 0.962 0.615 0.504 0.787 0.558 
   4   (0.396) 0.409 0.038 0.385 0.496 0.213 0.442 

Locus 373 : S1279801_11627 
2 alleles
0.6% missing data
   1   (0.127) 0.126 0.012 0.124 0.262 0.058 0.142 
   4   (0.873) 0.874 0.988 0.876 0.738 0.942 0.858 

Locus 374 : S1279833_50478 
2 alleles
1.2% missing data
   1   (0.925) 0.921 0.939 0.931 0.974 0.790 0.935 
   4   (0.075) 0.079 0.061 0.069 0.026 0.210 0.065 

Locus 375 : S1279903_37685 
2 alleles
4.2% missing data
   4   (0.956) 0.960 0.884 0.958 0.988 0.903 0.966 
   1   (0.044) 0.040 0.116 0.042 0.012 0.097 0.034 

Locus 376 : S1279933_60218 
2 alleles
4.8% missing data
   4   (0.920) 0.922 0.955 0.927 0.968 0.955 0.905 
   3   (0.080) 0.078 0.045 0.073 0.032 0.045 0.095 

Locus 377 : S1279936_99379 
2 alleles
0.0% missing data
   4   (0.831) 0.839 0.740 0.839 0.809 0.824 0.834 
   2   (0.169) 0.161 0.260 0.161 0.191 0.176 0.166 

Locus 378 : S1279968_5997 
2 alleles
0.0% missing data
   1   (0.854) 0.859 0.630 0.845 0.951 0.928 0.846 
   4   (0.146) 0.141 0.370 0.155 0.049 0.072 0.154 

Locus 379 : S1280021_10153 
2 alleles
0.0% missing data
   3   (0.888) 0.886 0.977 0.898 0.902 0.888 0.890 
   2   (0.112) 0.114 0.023 0.102 0.098 0.112 0.110 

Locus 380 : S1280021_10153 
2 alleles
0.0% missing data
   1   (0.792) 0.789 0.874 0.786 0.870 0.804 0.807 
   2   (0.208) 0.211 0.126 0.214 0.130 0.196 0.193 

Locus 381 : S1280021_10154 
2 alleles
0.0% missing data
   4   (0.727) 0.733 0.674 0.728 0.686 0.712 0.731 
   3   (0.273) 0.267 0.326 0.272 0.314 0.288 0.269 

Locus 382 : S1280022_4209 
2 alleles
1.8% missing data
   4   (0.899) 0.905 0.810 0.900 0.951 0.890 0.905 
   3   (0.101) 0.095 0.190 0.100 0.049 0.110 0.095 

Locus 383 : S1280022_4232 
2 alleles
1.8% missing data
   4   (0.755) 0.760 0.828 0.759 0.724 0.859 0.739 
   2   (0.245) 0.240 0.172 0.241 0.276 0.141 0.261 

Locus 384 : S1280022_4291 
2 alleles
0.0% missing data
   4   (0.886) 0.886 0.971 0.874 0.923 0.901 0.891 
   3   (0.114) 0.114 0.029 0.126 0.077 0.099 0.109 

Locus 385 : S1280022_4303 
2 alleles
0.0% missing data
   2   (0.802) 0.806 0.906 0.798 0.861 0.816 0.802 
   1   (0.198) 0.194 0.094 0.202 0.139 0.184 0.198 

Locus 386 : S1280056_3938 
2 alleles
0.0% missing data
   4   (0.882) 0.894 0.911 0.880 0.936 0.915 0.885 
   3   (0.118) 0.106 0.089 0.120 0.064 0.085 0.115 

Locus 387 : S1280060_32824 
2 alleles
0.0% missing data
   1   (0.456) 0.450 0.361 0.443 0.675 0.437 0.450 
   3   (0.544) 0.550 0.639 0.557 0.325 0.563 0.550 

Locus 388 : S1280070_2868 
2 alleles
0.0% missing data
   3   (0.917) 0.922 0.810 0.916 0.976 0.877 0.922 
   4   (0.083) 0.078 0.190 0.084 0.024 0.123 0.078 

Locus 389 : S1280073_41469 
2 alleles
0.0% missing data
   4   (0.885) 0.884 0.944 0.890 0.925 0.903 0.887 
   3   (0.115) 0.116 0.056 0.110 0.075 0.097 0.113 

Locus 390 : S1280142_15747 
2 alleles
0.0% missing data
   3   (0.923) 0.928 0.991 0.937 0.557 0.945 0.917 
   1   (0.077) 0.072 0.009 0.063 0.443 0.055 0.083 

Locus 391 : S1280212_7753 
2 alleles
0.0% missing data
   4   (0.916) 0.926 0.940 0.920 0.946 0.937 0.906 
   3   (0.084) 0.074 0.060 0.080 0.054 0.063 0.094 

Locus 392 : S1280245_14608 
2 alleles
10.2% missing data
   4   (0.935) 0.937 0.900 0.943 0.885 0.955 0.942 
   3   (0.065) 0.063 0.100 0.057 0.115 0.045 0.058 

Locus 393 : S1280288_18829 
2 alleles
0.0% missing data
   4   (0.932) 0.938 0.979 0.939 0.930 0.953 0.926 
   3   (0.068) 0.062 0.021 0.061 0.070 0.047 0.074 

Locus 394 : S1280341_56036 
2 alleles
2.4% missing data
   4   (0.827) 0.837 0.719 0.843 0.342 0.847 0.831 
   2   (0.173) 0.163 0.281 0.157 0.658 0.153 0.169 

Locus 395 : S1280366_47443 
2 alleles
0.0% missing data
   4   (0.883) 0.888 0.959 0.875 0.890 0.903 0.896 
   3   (0.117) 0.112 0.041 0.125 0.110 0.097 0.104 

Locus 396 : S1280380_5035 
2 alleles
4.2% missing data
   4   (0.941) 0.944 0.953 0.946 0.937 0.928 0.950 
   3   (0.059) 0.056 0.047 0.054 0.063 0.072 0.050 

Locus 397 : S1280383_71963 
2 alleles
0.0% missing data
   2   (0.569) 0.589 0.681 0.575 0.451 0.587 0.546 
   4   (0.431) 0.411 0.319 0.425 0.549 0.413 0.454 

Locus 398 : S1280413_4483 
2 alleles
1.8% missing data
   1   (0.869) 0.863 0.961 0.880 0.920 0.860 0.870 
   2   (0.131) 0.137 0.039 0.120 0.080 0.140 0.130 

Locus 399 : S1280413_5597 
2 alleles
11.4% missing data
   1   (0.890) 0.892 0.895 0.892 0.912 0.877 0.906 
   2   (0.110) 0.108 0.105 0.108 0.088 0.123 0.094 

Locus 400 : S1280413_5606 
2 alleles
11.4% missing data
   2   (0.307) 0.310 0.171 0.294 0.240 0.306 0.311 
   1   (0.693) 0.690 0.829 0.706 0.760 0.694 0.689 

Locus 401 : S1280413_5611 
2 alleles
11.4% missing data
   1   (0.839) 0.843 0.847 0.842 0.896 0.844 0.838 
   2   (0.161) 0.157 0.153 0.158 0.104 0.156 0.162 

Locus 402 : S1280496_21508 
2 alleles
0.0% missing data
   2   (0.917) 0.925 0.984 0.922 0.853 0.911 0.920 
   4   (0.083) 0.075 0.016 0.078 0.147 0.089 0.080 

Locus 403 : S1280536_36539 
2 alleles
0.0% missing data
   2   (0.861) 0.859 0.885 0.866 0.860 0.867 0.872 
   1   (0.139) 0.141 0.115 0.134 0.140 0.133 0.128 

Locus 404 : S1280569_12397 
2 alleles
14.5% missing data
   1   (0.911) 0.920 0.964 0.907 0.965 0.930 0.909 
   2   (0.089) 0.080 0.036 0.093 0.035 0.070 0.091 

Locus 405 : S1280611_11314 
2 alleles
6.6% missing data
   4   (0.924) 0.931 0.972 0.923 0.928 0.894 0.938 
   1   (0.076) 0.069 0.028 0.077 0.072 0.106 0.062 

Locus 406 : S1280611_11314 
2 alleles
6.6% missing data
   1   (0.872) 0.871 0.901 0.876 0.896 0.915 0.885 
   2   (0.128) 0.129 0.099 0.124 0.104 0.085 0.115 

Locus 407 : S1280611_11314 
2 alleles
6.6% missing data
   1   (0.923) 0.927 0.959 0.918 0.966 0.935 0.925 
   2   (0.077) 0.073 0.041 0.082 0.034 0.065 0.075 

Locus 408 : S1280611_11316 
2 alleles
6.6% missing data
   4   (0.928) 0.936 0.926 0.930 0.941 0.956 0.933 
   3   (0.072) 0.064 0.074 0.070 0.059 0.044 0.067 

Locus 409 : S1280739_12032 
2 alleles
0.0% missing data
   3   (0.950) 0.953 0.861 0.955 0.985 0.910 0.961 
   4   (0.050) 0.047 0.139 0.045 0.015 0.090 0.039 

Locus 410 : S1280755_8475 
2 alleles
0.0% missing data
   2   (0.867) 0.866 0.971 0.875 0.884 0.808 0.875 
   4   (0.133) 0.134 0.029 0.125 0.116 0.192 0.125 

Locus 411 : S1280774_4608 
2 alleles
19.3% missing data
   4   (0.936) 0.939 0.962 0.942 0.966 0.864 0.949 
   3   (0.064) 0.061 0.038 0.058 0.034 0.136 0.051 

Locus 412 : S1280802_3588 
2 alleles
0.0% missing data
   4   (0.919) 0.920 0.881 0.915 0.978 0.953 0.928 
   2   (0.081) 0.080 0.119 0.085 0.022 0.047 0.072 

Locus 413 : S1280807_77073 
2 alleles
2.4% missing data
   1   (0.255) 0.256 0.260 0.271 0.113 0.135 0.275 
   3   (0.745) 0.744 0.740 0.729 0.887 0.865 0.725 

Locus 414 : S1280991_15130 
2 alleles
0.0% missing data
   4   (0.897) 0.905 0.980 0.902 0.917 0.919 0.894 
   3   (0.103) 0.095 0.020 0.098 0.083 0.081 0.106 

Locus 415 : S1281133_31319 
2 alleles
1.2% missing data
   1   (0.769) 0.778 0.759 0.775 0.773 0.732 0.777 
   2   (0.231) 0.222 0.241 0.225 0.227 0.268 0.223 

Locus 416 : S1281133_31325 
2 alleles
1.2% missing data
   1   (0.858) 0.866 0.899 0.869 0.918 0.841 0.851 
   2   (0.142) 0.134 0.101 0.131 0.082 0.159 0.149 

Locus 417 : S1281133_31330 
2 alleles
1.2% missing data
   4   (0.871) 0.873 0.942 0.875 0.933 0.900 0.868 
   3   (0.129) 0.127 0.058 0.125 0.067 0.100 0.132 

Locus 418 : S1281175_89726 
2 alleles
0.0% missing data
   3   (0.755) 0.767 0.517 0.769 0.514 0.616 0.779 
   1   (0.245) 0.233 0.483 0.231 0.486 0.384 0.221 

Locus 419 : S1281186_12908 
2 alleles
0.0% missing data
   3   (0.813) 0.819 0.633 0.809 0.794 0.821 0.833 
   4   (0.187) 0.181 0.367 0.191 0.206 0.179 0.167 

Locus 420 : S1281217_10778 
2 alleles
0.0% missing data
   1   (0.899) 0.907 0.983 0.900 0.915 0.913 0.897 
   2   (0.101) 0.093 0.017 0.100 0.085 0.087 0.103 

Locus 421 : S1281224_12569 
2 alleles
10.8% missing data
   1   (0.954) 0.959 0.886 0.961 0.955 0.973 0.961 
   2   (0.046) 0.041 0.114 0.039 0.045 0.027 0.039 

Locus 422 : S1281292_84146 
2 alleles
0.0% missing data
   3   (0.848) 0.841 0.969 0.824 0.953 0.833 0.850 
   1   (0.152) 0.159 0.031 0.176 0.047 0.167 0.150 

Locus 423 : S1281530_27914 
2 alleles
0.0% missing data
   1   (0.723) 0.732 0.577 0.721 0.782 0.547 0.740 
   3   (0.277) 0.268 0.423 0.279 0.218 0.453 0.260 

Locus 424 : S1281535_16715 
2 alleles
0.0% missing data
   1   (0.898) 0.900 0.969 0.907 0.927 0.927 0.894 
   2   (0.102) 0.100 0.031 0.093 0.073 0.073 0.106 

Locus 425 : S1281535_16720 
2 alleles
0.0% missing data
   1   (0.928) 0.923 0.969 0.940 0.927 0.959 0.933 
   2   (0.072) 0.077 0.031 0.060 0.073 0.041 0.067 

Locus 426 : S1281535_17106 
2 alleles
1.2% missing data
   4   (0.893) 0.897 0.969 0.898 0.922 0.919 0.892 
   3   (0.107) 0.103 0.031 0.102 0.078 0.081 0.108 

Values of parameters used in structure:
DATAFILE=WB166_SNP426_structure_input,	OUTFILE=WB166_SNP426_structure_output_K6_run_1,	NUMINDS=166,	NUMLOCI=426,	MISSING=-9,	LABEL=1,	POPDATA=1,	POPFLAG=0,	PHENOTYPE=0,	EXTRACOLS=0,	MAXPOPS=6,	BURNIN=50,	NUMREPS=500,	USEPOPINFO=0,	INFERALPHA=1,	INFERLAMBDA=0,	POPSPECIFICLAMBDA=0,	POPALPHAS=0,	COMPUTEPROB=1,	NOADMIX=0,	ADMBURNIN=500,	UPDATEFREQ=100,	PRINTLIKES=1,	INTERMEDSAVE=0,	PRINTKLD=0,	PRINTNET=1,	PRINTLAMBDA=1,	ANCESTDIST=1,	NUMBOXES=1000,	ANCESTPINT=0.95000,	GENSBACK=2,	MIGRPRIOR=0.01000,	PRINTQHAT=0,	PRINTQSUM=1,	ALPHA=1.0000,	FREQSCORR=1,	FPRIORMEAN=0.0100,	FPRIORSD=0.0500,	ONEFST=0,	LAMBDA=1.0000,	UNIFPRIORALPHA=1,	ALPHAMAX=10.0000,	ALPHAPRIORA=1.0000,	ALPHAPRIORB=2.0000,	ALPHAPROPSD=0.0250,	STARTATPOPINFO=0,	RANDOMIZE=1,	LINKAGE=0,	METROFREQ=10,	REPORTHITRATE=0,	MARKOVPHASE=0,	PHASED=0,	PLOIDY=2,	PHASEINFO=0	LOCPRIOR=0, 	LOCPRIORINIT=1.000000, 	LOCDATA=0, 	LOCISPOP=1, 	LOCPRIORSTEP=0.100000, 	MAXLOCPRIOR=20.000000, 	SEED=1528940718,	
[STRAT parameters]:    NUMSIMSTATS=1000,	PHENOTYPECOL=-9,	POOLFREQ=10,	LOCUSxONLY=0,	EMERROR=0.00100,	MISSINGPHENO=-9,	