# replicate	generation	phenotype
1	1	0.0
1	1	0.0
1	1	0.0
1	1	0.2
1	1	0.1
1	1	0.0
1	1	0.0
1	1	0.1
1	1	0.0
1	1	0.0
1	1	0.1
1	1	0.0
1	1	0.1
1	1	0.0
1	1	0.0
1	1	0.1
1	1	0.1
1	1	0.2
1	1	0.1
1	1	0.0
1	1	0.0
1	1	0.0
1	1	0.1
1	1	0.1
1	1	0.0
1	1	0.1
1	1	0.1
1	1	0.0
1	1	0.1
1	1	0.0
1	1	0.1
1	1	0.0
1	1	0.0
1	1	0.1
1	1	0.1
1	1	0.0
1	1	0.0
1	1	0.0
1	1	0.0
1	1	0.0
1	1	0.0
1	1	0.0
1	1	0.1
1	1	0.2
1	1	0.0
1	1	0.0
1	1	0.0
1	1	0.0
1	1	0.0
1	1	0.2
1	1	0.2
1	1	0.1
1	1	0.1
1	1	0.1
1	1	0.0
1	1	0.1
1	1	0.0
1	1	0.1
1	1	0.2
1	1	0.2
1	1	0.1
1	1	0.1
1	1	0.0
1	1	0.0
1	1	0.1
1	1	0.0
1	1	0.3
1	1	0.1
1	1	0.1
1	1	0.0
1	1	0.1
1	1	0.0
1	1	0.0
1	1	0.0
1	1	0.1
1	1	0.1
1	1	0.0
1	1	0.1
1	1	0.0
1	1	0.2
1	1	0.0
1	1	0.0
1	1	0.0
1	1	0.0
1	1	0.0
1	1	0.0
1	1	0.2
1	1	0.1
1	1	0.1
1	1	0.0
1	1	0.2
1	1	0.0
1	1	0.2
1	1	0.0
1	1	0.0
1	1	0.0
1	1	0.2
1	1	0.0
1	1	0.0
1	1	0.0
1	1	0.1
1	1	0.0
1	1	0.2
1	1	0.0
1	1	0.0
1	1	0.1
1	1	0.0
1	1	0.0
1	1	0.0
1	1	0.0
1	1	0.0
1	1	0.0
1	1	0.0
1	1	0.1
1	1	0.0
1	1	0.1
1	1	0.0
1	1	0.0
1	1	0.0
1	1	0.0
1	1	0.0
1	1	0.2
1	1	0.0
1	1	0.1
1	1	0.1
1	1	0.0
1	1	0.0
1	1	0.2
1	1	0.0
1	1	0.0
1	1	0.0
1	1	0.1
1	1	0.0
1	1	0.0
1	1	0.0
1	1	0.1
1	1	0.1
1	1	0.0
1	1	0.1
1	1	0.0
1	1	0.0
1	1	0.0
1	1	0.2
1	1	0.0
1	1	0.0
1	1	0.0
1	1	0.0
1	1	0.0
1	1	0.0
1	1	0.0
1	1	0.0
1	1	0.0
1	1	0.1
1	1	0.0
1	1	0.0
1	1	0.0
1	1	0.0
1	1	0.1
1	1	0.0
1	1	0.0
1	1	0.1
1	1	0.1
1	1	0.0
1	1	0.0
1	1	0.1
1	1	0.1
1	1	0.1
1	1	0.1
1	1	0.0
1	1	0.0
1	1	0.0
1	1	0.0
1	1	0.0
1	1	0.1
1	1	0.1
1	1	0.0
1	1	0.0
1	1	0.0
1	1	0.0
1	1	0.0
1	1	0.2
1	1	0.0
1	1	0.2
1	1	0.0
1	1	0.0
1	1	0.1
1	1	0.0
1	1	0.0
1	1	0.0
1	1	0.1
1	1	0.1
1	1	0.1
1	1	0.0
1	1	0.0
1	1	0.1
1	1	0.1
1	1	0.0
1	1	0.2
1	1	0.1
1	1	0.0
1	100	0.5
1	100	0.6
1	100	0.4
1	100	0.7
1	100	0.3
1	100	0.2
1	100	0.3
1	100	0.5
1	100	0.5
1	100	0.6
1	100	0.4
1	100	0.4
1	100	0.6
1	100	0.5
1	100	0.5
1	100	0.4
1	100	0.4
1	100	0.4
1	100	0.5
1	100	0.5
1	100	0.4
1	100	0.2
1	100	0.4
1	100	0.3
1	100	0.3
1	100	0.5
1	100	0.4
1	100	0.4
1	100	0.3
1	100	0.2
1	100	0.4
1	100	0.4
1	100	0.3
1	100	0.5
1	100	0.6
1	100	0.4
1	100	0.5
1	100	0.3
1	100	0.3
1	100	0.3
1	100	0.5
1	100	0.2
1	100	0.3
1	100	0.5
1	100	0.4
1	100	0.5
1	100	0.4
1	100	0.6
1	100	0.6
1	100	0.4
1	100	0.4
1	100	0.5
1	100	0.5
1	100	0.3
1	100	0.4
1	100	0.2
1	100	0.4
1	100	0.3
1	100	0.5
1	100	0.5
1	100	0.4
1	100	0.5
1	100	0.3
1	100	0.4
1	100	0.4
1	100	0.3
1	100	0.4
1	100	0.4
1	100	0.5
1	100	0.4
1	100	0.6
1	100	0.6
1	100	0.2
1	100	0.4
1	100	0.3
1	100	0.5
1	100	0.5
1	100	0.4
1	100	0.4
1	100	0.4
1	100	0.7
1	100	0.3
1	100	0.5
1	100	0.5
1	100	0.5
1	100	0.4
1	100	0.5
1	100	0.2
1	100	0.4
1	100	0.2
1	100	0.3
1	100	0.5
1	100	0.2
1	100	0.1
1	100	0.4
1	100	0.5
1	100	0.5
1	100	0.4
1	100	0.1
1	100	0.5
1	100	0.4
1	100	0.6
1	100	0.4
1	100	0.4
1	100	0.7
1	100	0.4
1	100	0.4
1	100	0.6
1	100	0.5
1	100	0.2
1	100	0.3
1	100	0.5
1	100	0.3
1	100	0.2
1	100	0.3
1	100	0.4
1	100	0.5
1	100	0.4
1	100	0.4
1	100	0.6
1	100	0.5
1	100	0.3
1	100	0.4
1	100	0.1
1	100	0.5
1	100	0.3
1	100	0.3
1	100	0.4
1	100	0.4
1	100	0.3
1	100	0.4
1	100	0.5
1	100	0.5
1	100	0.5
1	100	0.4
1	100	0.3
1	100	0.5
1	100	0.2
1	100	0.3
1	100	0.3
1	100	0.5
1	100	0.5
1	100	0.4
1	100	0.4
1	100	0.4
1	100	0.6
1	100	0.4
1	100	0.4
1	100	0.4
1	100	0.4
1	100	0.5
1	100	0.2
1	100	0.3
1	100	0.2
1	100	0.4
1	100	0.4
1	100	0.4
1	100	0.4
1	100	0.5
1	100	0.3
1	100	0.4
1	100	0.4
1	100	0.2
1	100	0.3
1	100	0.4
1	100	0.4
1	100	0.5
1	100	0.3
1	100	0.5
1	100	0.2
1	100	0.5
1	100	0.5
1	100	0.4
1	100	0.2
1	100	0.4
1	100	0.3
1	100	0.5
1	100	0.5
1	100	0.3
1	100	0.5
1	100	0.4
1	100	0.6
1	100	0.5
1	100	0.3
1	100	0.2
1	100	0.4
1	100	0.5
1	100	0.5
1	100	0.4
1	100	0.4
1	100	0.4
1	100	0.2
1	100	0.5
1	100	0.2
1	100	0.6
1	100	0.3
1	100	0.3
1	100	0.4
1	100	0.7
1	100	0.3
1	70	0.3
1	70	0.7
1	70	0.4
1	70	0.6
1	70	0.4
1	70	0.4
1	70	0.5
1	70	0.3
1	70	0.5
1	70	0.7
1	70	0.6
1	70	0.2
1	70	0.4
1	70	0.4
1	70	0.4
1	70	0.1
1	70	0.4
1	70	0.5
1	70	0.5
1	70	0.2
1	70	0.4
1	70	0.5
1	70	0.3
1	70	0.5
1	70	0.2
1	70	0.4
1	70	0.5
1	70	0.6
1	70	0.2
1	70	0.3
1	70	0.2
1	70	0.6
1	70	0.5
1	70	0.2
1	70	0.6
1	70	0.2
1	70	0.4
1	70	0.5
1	70	0.3
1	70	0.3
1	70	0.3
1	70	0.4
1	70	0.2
1	70	0.4
1	70	0.4
1	70	0.5
1	70	0.2
1	70	0.3
1	70	0.4
1	70	0.7
1	70	0.4
1	70	0.3
1	70	0.2
1	70	0.4
1	70	0.3
1	70	0.5
1	70	0.5
1	70	0.4
1	70	0.4
1	70	0.4
1	70	0.2
1	70	0.5
1	70	0.2
1	70	0.3
1	70	0.4
1	70	0.4
1	70	0.4
1	70	0.3
1	70	0.4
1	70	0.5
1	70	0.2
1	70	0.3
1	70	0.3
1	70	0.5
1	70	0.3
1	70	0.6
1	70	0.3
1	70	0.5
1	70	0.5
1	70	0.4
1	70	0.4
1	70	0.5
1	70	0.5
1	70	0.5
1	70	0.3
1	70	0.3
1	70	0.4
1	70	0.3
1	70	0.2
1	70	0.3
1	70	0.3
1	70	0.4
1	70	0.3
1	70	0.5
1	70	0.5
1	70	0.3
1	70	0.5
1	70	0.3
1	70	0.3
1	70	0.4
1	70	0.4
1	70	0.4
1	70	0.4
1	70	0.4
1	70	0.7
1	70	0.6
1	70	0.2
1	70	0.4
1	70	0.5
1	70	0.3
1	70	0.4
1	70	0.1
1	70	0.2
1	70	0.4
1	70	0.2
1	70	0.6
1	70	0.3
1	70	0.3
1	70	0.4
1	70	0.3
1	70	0.5
1	70	0.7
1	70	0.2
1	70	0.5
1	70	0.6
1	70	0.3
1	70	0.3
1	70	0.4
1	70	0.3
1	70	0.4
1	70	0.5
1	70	0.3
1	70	0.3
1	70	0.0
1	70	0.4
1	70	0.4
1	70	0.6
1	70	0.4
1	70	0.3
1	70	0.4
1	70	0.5
1	70	0.3
1	70	0.5
1	70	0.5
1	70	0.3
1	70	0.4
1	70	0.4
1	70	0.3
1	70	0.3
1	70	0.3
1	70	0.4
1	70	0.6
1	70	0.2
1	70	0.4
1	70	0.3
1	70	0.5
1	70	0.4
1	70	0.4
1	70	0.4
1	70	0.5
1	70	0.3
1	70	0.4
1	70	0.4
1	70	0.5
1	70	0.3
1	70	0.2
1	70	0.4
1	70	0.5
1	70	0.4
1	70	0.4
1	70	0.4
1	70	0.5
1	70	0.3
1	70	0.4
1	70	0.5
1	70	0.5
1	70	0.4
1	70	0.4
1	70	0.5
1	70	0.3
1	70	0.5
1	70	0.2
1	70	0.6
1	70	0.5
1	70	0.2
1	70	0.4
1	70	0.6
1	70	0.2
1	70	0.4
1	70	0.2
1	70	0.4
1	70	0.2
1	70	0.4
1	70	0.3
1	70	0.3
1	70	0.5
1	70	0.5
1	70	0.6
1	70	0.3
1	70	0.3
1	40	0.5
1	40	0.2
1	40	0.6
1	40	0.5
1	40	0.5
1	40	0.7
1	40	0.4
1	40	0.6
1	40	0.4
1	40	0.3
1	40	0.3
1	40	0.6
1	40	0.4
1	40	0.5
1	40	0.5
1	40	0.4
1	40	0.5
1	40	0.2
1	40	0.4
1	40	0.6
1	40	0.5
1	40	0.5
1	40	0.6
1	40	0.5
1	40	0.5
1	40	0.5
1	40	0.3
1	40	0.6
1	40	0.4
1	40	0.5
1	40	0.6
1	40	0.5
1	40	0.1
1	40	0.3
1	40	0.5
1	40	0.5
1	40	0.4
1	40	0.3
1	40	0.7
1	40	0.3
1	40	0.2
1	40	0.5
1	40	0.2
1	40	0.3
1	40	0.3
1	40	0.2
1	40	0.4
1	40	0.3
1	40	0.6
1	40	0.3
1	40	0.5
1	40	0.4
1	40	0.4
1	40	0.3
1	40	0.4
1	40	0.3
1	40	0.3
1	40	0.2
1	40	0.5
1	40	0.5
1	40	0.4
1	40	0.4
1	40	0.5
1	40	0.3
1	40	0.4
1	40	0.4
1	40	0.5
1	40	0.6
1	40	0.4
1	40	0.2
1	40	0.5
1	40	0.2
1	40	0.5
1	40	0.6
1	40	0.6
1	40	0.4
1	40	0.3
1	40	0.3
1	40	0.4
1	40	0.5
1	40	0.3
1	40	0.2
1	40	0.5
1	40	0.3
1	40	0.3
1	40	0.5
1	40	0.1
1	40	0.2
1	40	0.3
1	40	0.3
1	40	0.3
1	40	0.1
1	40	0.2
1	40	0.1
1	40	0.4
1	40	0.2
1	40	0.3
1	40	0.4
1	40	0.1
1	40	0.3
1	40	0.1
1	40	0.4
1	40	0.4
1	40	0.3
1	40	0.2
1	40	0.4
1	40	0.2
1	40	0.3
1	40	0.2
1	40	0.4
1	40	0.6
1	40	0.1
1	40	0.2
1	40	0.2
1	40	0.4
1	40	0.5
1	40	0.5
1	40	0.2
1	40	0.3
1	40	0.4
1	40	0.4
1	40	0.4
1	40	0.3
1	40	0.4
1	40	0.4
1	40	0.3
1	40	0.2
1	40	0.2
1	40	0.4
1	40	0.4
1	40	0.3
1	40	0.5
1	40	0.4
1	40	0.3
1	40	0.2
1	40	0.3
1	40	0.5
1	40	0.5
1	40	0.1
1	40	0.4
1	40	0.2
1	40	0.3
1	40	0.2
1	40	0.4
1	40	0.3
1	40	0.3
1	40	0.3
1	40	0.3
1	40	0.3
1	40	0.3
1	40	0.2
1	40	0.4
1	40	0.2
1	40	0.2
1	40	0.2
1	40	0.4
1	40	0.5
1	40	0.3
1	40	0.3
1	40	0.5
1	40	0.7
1	40	0.4
1	40	0.5
1	40	0.5
1	40	0.4
1	40	0.3
1	40	0.3
1	40	0.7
1	40	0.6
1	40	0.5
1	40	0.4
1	40	0.4
1	40	0.2
1	40	0.3
1	40	0.5
1	40	0.4
1	40	0.5
1	40	0.6
1	40	0.4
1	40	0.4
1	40	0.7
1	40	0.4
1	40	0.4
1	40	0.3
1	40	0.5
1	40	0.4
1	40	0.4
1	40	0.4
1	40	0.3
1	40	0.7
1	40	0.7
1	40	0.4
1	40	0.5
1	40	0.2
1	40	0.2
1	40	0.5
1	40	0.4
1	40	0.2
1	40	0.6
1	40	0.2
1	10	0.2
1	10	0.2
1	10	0.2
1	10	0.2
1	10	0.1
1	10	0.3
1	10	0.2
1	10	0.2
1	10	0.2
1	10	0.6
1	10	0.3
1	10	0.0
1	10	0.1
1	10	0.3
1	10	0.3
1	10	0.3
1	10	0.3
1	10	0.1
1	10	0.5
1	10	0.3
1	10	0.1
1	10	0.4
1	10	0.4
1	10	0.1
1	10	0.0
1	10	0.2
1	10	0.3
1	10	0.4
1	10	0.3
1	10	0.1
1	10	0.1
1	10	0.2
1	10	0.3
1	10	0.0
1	10	0.1
1	10	0.1
1	10	0.6
1	10	0.3
1	10	0.3
1	10	0.2
1	10	0.1
1	10	0.2
1	10	0.4
1	10	0.2
1	10	0.4
1	10	0.2
1	10	0.3
1	10	0.2
1	10	0.2
1	10	0.0
1	10	0.1
1	10	0.3
1	10	0.2
1	10	0.3
1	10	0.3
1	10	0.3
1	10	0.3
1	10	0.3
1	10	0.2
1	10	0.5
1	10	0.3
1	10	0.2
1	10	0.4
1	10	0.2
1	10	0.0
1	10	0.3
1	10	0.1
1	10	0.3
1	10	0.2
1	10	0.2
1	10	0.2
1	10	0.2
1	10	0.1
1	10	0.4
1	10	0.2
1	10	0.3
1	10	0.1
1	10	0.3
1	10	0.4
1	10	0.1
1	10	0.2
1	10	0.1
1	10	0.3
1	10	0.1
1	10	0.3
1	10	0.1
1	10	0.2
1	10	0.1
1	10	0.0
1	10	0.2
1	10	0.2
1	10	0.2
1	10	0.2
1	10	0.4
1	10	0.2
1	10	0.4
1	10	0.3
1	10	0.2
1	10	0.4
1	10	0.3
1	10	0.2
1	10	0.4
1	10	0.3
1	10	0.2
1	10	0.4
1	10	0.2
1	10	0.2
1	10	0.2
1	10	0.1
1	10	0.3
1	10	0.1
1	10	0.3
1	10	0.3
1	10	0.2
1	10	0.3
1	10	0.3
1	10	0.4
1	10	0.3
1	10	0.2
1	10	0.4
1	10	0.5
1	10	0.3
1	10	0.2
1	10	0.2
1	10	0.2
1	10	0.3
1	10	0.1
1	10	0.5
1	10	0.1
1	10	0.1
1	10	0.3
1	10	0.4
1	10	0.1
1	10	0.1
1	10	0.4
1	10	0.3
1	10	0.2
1	10	0.2
1	10	0.2
1	10	0.2
1	10	0.4
1	10	0.1
1	10	0.4
1	10	0.1
1	10	0.3
1	10	0.1
1	10	0.3
1	10	0.3
1	10	0.4
1	10	0.2
1	10	0.2
1	10	0.1
1	10	0.2
1	10	0.3
1	10	0.3
1	10	0.4
1	10	0.2
1	10	0.3
1	10	0.4
1	10	0.3
1	10	0.3
1	10	0.4
1	10	0.2
1	10	0.3
1	10	0.2
1	10	0.2
1	10	0.3
1	10	0.2
1	10	0.2
1	10	0.4
1	10	0.1
1	10	0.6
1	10	0.1
1	10	0.4
1	10	0.1
1	10	0.0
1	10	0.0
1	10	0.3
1	10	0.3
1	10	0.0
1	10	0.3
1	10	0.2
1	10	0.2
1	10	0.1
1	10	0.1
1	10	0.3
1	10	0.0
1	10	0.2
1	10	0.1
1	10	0.2
1	10	0.2
1	10	0.3
1	10	0.3
1	10	0.1
1	10	0.3
1	10	0.1
1	10	0.3
1	10	0.3
1	10	0.2
1	10	0.4
1	80	0.4
1	80	0.4
1	80	0.3
1	80	0.3
1	80	0.6
1	80	0.4
1	80	0.4
1	80	0.5
1	80	0.3
1	80	0.3
1	80	0.3
1	80	0.5
1	80	0.4
1	80	0.3
1	80	0.5
1	80	0.4
1	80	0.3
1	80	0.4
1	80	0.5
1	80	0.2
1	80	0.4
1	80	0.3
1	80	0.4
1	80	0.4
1	80	0.4
1	80	0.2
1	80	0.4
1	80	0.5
1	80	0.4
1	80	0.4
1	80	0.2
1	80	0.5
1	80	0.5
1	80	0.3
1	80	0.4
1	80	0.6
1	80	0.5
1	80	0.4
1	80	0.4
1	80	0.3
1	80	0.4
1	80	0.7
1	80	0.6
1	80	0.2
1	80	0.6
1	80	0.4
1	80	0.5
1	80	0.4
1	80	0.3
1	80	0.4
1	80	0.6
1	80	0.6
1	80	0.6
1	80	0.6
1	80	0.4
1	80	0.3
1	80	0.5
1	80	0.7
1	80	0.5
1	80	0.4
1	80	0.6
1	80	0.6
1	80	0.6
1	80	0.3
1	80	0.4
1	80	0.5
1	80	0.5
1	80	0.4
1	80	0.4
1	80	0.3
1	80	0.3
1	80	0.4
1	80	0.4
1	80	0.3
1	80	0.2
1	80	0.5
1	80	0.2
1	80	0.5
1	80	0.4
1	80	0.6
1	80	0.4
1	80	0.4
1	80	0.5
1	80	0.2
1	80	0.2
1	80	0.5
1	80	0.5
1	80	0.2
1	80	0.5
1	80	0.4
1	80	0.2
1	80	0.2
1	80	0.4
1	80	0.4
1	80	0.4
1	80	0.7
1	80	0.4
1	80	0.5
1	80	0.4
1	80	0.3
1	80	0.5
1	80	0.5
1	80	0.5
1	80	0.5
1	80	0.3
1	80	0.4
1	80	0.2
1	80	0.5
1	80	0.3
1	80	0.5
1	80	0.6
1	80	0.3
1	80	0.4
1	80	0.4
1	80	0.4
1	80	0.0
1	80	0.5
1	80	0.6
1	80	0.4
1	80	0.5
1	80	0.4
1	80	0.5
1	80	0.3
1	80	0.7
1	80	0.2
1	80	0.3
1	80	0.4
1	80	0.4
1	80	0.3
1	80	0.5
1	80	0.3
1	80	0.1
1	80	0.3
1	80	0.5
1	80	0.3
1	80	0.5
1	80	0.4
1	80	0.6
1	80	0.5
1	80	0.4
1	80	0.4
1	80	0.3
1	80	0.4
1	80	0.3
1	80	0.5
1	80	0.3
1	80	0.3
1	80	0.4
1	80	0.3
1	80	0.4
1	80	0.4
1	80	0.5
1	80	0.7
1	80	0.3
1	80	0.4
1	80	0.5
1	80	0.4
1	80	0.4
1	80	0.7
1	80	0.5
1	80	0.3
1	80	0.5
1	80	0.4
1	80	0.2
1	80	0.6
1	80	0.5
1	80	0.2
1	80	0.5
1	80	0.4
1	80	0.4
1	80	0.5
1	80	0.8
1	80	0.8
1	80	0.5
1	80	0.5
1	80	0.3
1	80	0.4
1	80	0.1
1	80	0.4
1	80	0.4
1	80	0.3
1	80	0.3
1	80	0.3
1	80	0.6
1	80	0.4
1	80	0.6
1	80	0.5
1	80	0.6
1	80	0.4
1	80	0.3
1	80	0.4
1	80	0.6
1	80	0.4
1	80	0.5
1	80	0.4
1	80	0.3
1	80	0.3
1	80	0.4
1	80	0.6
1	80	0.4
1	50	0.3
1	50	0.2
1	50	0.6
1	50	0.5
1	50	0.4
1	50	0.3
1	50	0.2
1	50	0.3
1	50	0.6
1	50	0.6
1	50	0.3
1	50	0.5
1	50	0.1
1	50	0.3
1	50	0.4
1	50	0.3
1	50	0.3
1	50	0.2
1	50	0.3
1	50	0.5
1	50	0.4
1	50	0.4
1	50	0.5
1	50	0.2
1	50	0.5
1	50	0.2
1	50	0.5
1	50	0.2
1	50	0.3
1	50	0.5
1	50	0.5
1	50	0.5
1	50	0.6
1	50	0.4
1	50	0.2
1	50	0.5
1	50	0.4
1	50	0.3
1	50	0.5
1	50	0.4
1	50	0.3
1	50	0.2
1	50	0.4
1	50	0.5
1	50	0.3
1	50	0.3
1	50	0.3
1	50	0.4
1	50	0.2
1	50	0.3
1	50	0.3
1	50	0.6
1	50	0.2
1	50	0.5
1	50	0.4
1	50	0.2
1	50	0.3
1	50	0.4
1	50	0.4
1	50	0.4
1	50	0.4
1	50	0.3
1	50	0.6
1	50	0.1
1	50	0.3
1	50	0.4
1	50	0.4
1	50	0.3
1	50	0.3
1	50	0.4
1	50	0.5
1	50	0.4
1	50	0.4
1	50	0.5
1	50	0.4
1	50	0.3
1	50	0.5
1	50	0.4
1	50	0.4
1	50	0.4
1	50	0.5
1	50	0.4
1	50	0.4
1	50	0.4
1	50	0.5
1	50	0.5
1	50	0.6
1	50	0.3
1	50	0.3
1	50	0.4
1	50	0.4
1	50	0.2
1	50	0.3
1	50	0.1
1	50	0.4
1	50	0.2
1	50	0.2
1	50	0.5
1	50	0.5
1	50	0.6
1	50	0.5
1	50	0.5
1	50	0.3
1	50	0.3
1	50	0.5
1	50	0.4
1	50	0.4
1	50	0.4
1	50	0.4
1	50	0.6
1	50	0.3
1	50	0.6
1	50	0.3
1	50	0.1
1	50	0.5
1	50	0.3
1	50	0.3
1	50	0.3
1	50	0.6
1	50	0.5
1	50	0.4
1	50	0.4
1	50	0.2
1	50	0.4
1	50	0.2
1	50	0.5
1	50	0.5
1	50	0.4
1	50	0.3
1	50	0.5
1	50	0.5
1	50	0.4
1	50	0.3
1	50	0.4
1	50	0.3
1	50	0.6
1	50	0.3
1	50	0.7
1	50	0.5
1	50	0.4
1	50	0.5
1	50	0.2
1	50	0.6
1	50	0.5
1	50	0.4
1	50	0.5
1	50	0.4
1	50	0.3
1	50	0.3
1	50	0.2
1	50	0.3
1	50	0.5
1	50	0.3
1	50	0.5
1	50	0.3
1	50	0.4
1	50	0.3
1	50	0.3
1	50	0.4
1	50	0.4
1	50	0.5
1	50	0.3
1	50	0.5
1	50	0.2
1	50	0.4
1	50	0.4
1	50	0.4
1	50	0.3
1	50	0.4
1	50	0.3
1	50	0.6
1	50	0.4
1	50	0.5
1	50	0.4
1	50	0.5
1	50	0.5
1	50	0.5
1	50	0.2
1	50	0.4
1	50	0.0
1	50	0.6
1	50	0.5
1	50	0.4
1	50	0.3
1	50	0.4
1	50	0.3
1	50	0.4
1	50	0.2
1	50	0.6
1	50	0.3
1	50	0.3
1	50	0.5
1	50	0.4
1	50	0.6
1	50	0.4
1	50	0.2
1	50	0.4
1	50	0.3
1	50	0.1
1	50	0.6
1	20	0.6
1	20	0.4
1	20	0.5
1	20	0.4
1	20	0.4
1	20	0.3
1	20	0.3
1	20	0.4
1	20	0.7
1	20	0.4
1	20	0.3
1	20	0.5
1	20	0.5
1	20	0.2
1	20	0.4
1	20	0.5
1	20	0.5
1	20	0.4
1	20	0.4
1	20	0.4
1	20	0.3
1	20	0.5
1	20	0.3
1	20	0.4
1	20	0.5
1	20	0.5
1	20	0.3
1	20	0.2
1	20	0.3
1	20	0.4
1	20	0.5
1	20	0.5
1	20	0.1
1	20	0.0
1	20	0.4
1	20	0.3
1	20	0.3
1	20	0.4
1	20	0.4
1	20	0.1
1	20	0.5
1	20	0.3
1	20	0.3
1	20	0.3
1	20	0.4
1	20	0.4
1	20	0.5
1	20	0.6
1	20	0.4
1	20	0.3
1	20	0.5
1	20	0.4
1	20	0.4
1	20	0.3
1	20	0.3
1	20	0.4
1	20	0.5
1	20	0.2
1	20	0.3
1	20	0.3
1	20	0.2
1	20	0.4
1	20	0.5
1	20	0.2
1	20	0.6
1	20	0.5
1	20	0.3
1	20	0.6
1	20	0.4
1	20	0.4
1	20	0.4
1	20	0.0
1	20	0.3
1	20	0.0
1	20	0.4
1	20	0.4
1	20	0.5
1	20	0.4
1	20	0.3
1	20	0.4
1	20	0.3
1	20	0.2
1	20	0.4
1	20	0.7
1	20	0.3
1	20	0.2
1	20	0.6
1	20	0.3
1	20	0.3
1	20	0.4
1	20	0.3
1	20	0.3
1	20	0.3
1	20	0.3
1	20	0.3
1	20	0.5
1	20	0.5
1	20	0.3
1	20	0.3
1	20	0.6
1	20	0.6
1	20	0.3
1	20	0.3
1	20	0.4
1	20	0.2
1	20	0.4
1	20	0.4
1	20	0.5
1	20	0.4
1	20	0.4
1	20	0.2
1	20	0.1
1	20	0.4
1	20	0.5
1	20	0.6
1	20	0.1
1	20	0.4
1	20	0.4
1	20	0.4
1	20	0.4
1	20	0.3
1	20	0.3
1	20	0.6
1	20	0.3
1	20	0.5
1	20	0.4
1	20	0.3
1	20	0.3
1	20	0.3
1	20	0.4
1	20	0.3
1	20	0.5
1	20	0.3
1	20	0.3
1	20	0.3
1	20	0.2
1	20	0.4
1	20	0.4
1	20	0.1
1	20	0.4
1	20	0.4
1	20	0.6
1	20	0.3
1	20	0.2
1	20	0.2
1	20	0.3
1	20	0.4
1	20	0.3
1	20	0.3
1	20	0.4
1	20	0.3
1	20	0.4
1	20	0.5
1	20	0.6
1	20	0.3
1	20	0.4
1	20	0.3
1	20	0.5
1	20	0.2
1	20	0.4
1	20	0.4
1	20	0.1
1	20	0.6
1	20	0.4
1	20	0.4
1	20	0.3
1	20	0.2
1	20	0.6
1	20	0.3
1	20	0.4
1	20	0.4
1	20	0.5
1	20	0.4
1	20	0.3
1	20	0.4
1	20	0.2
1	20	0.3
1	20	0.3
1	20	0.4
1	20	0.5
1	20	0.5
1	20	0.6
1	20	0.4
1	20	0.5
1	20	0.2
1	20	0.5
1	20	0.5
1	20	0.3
1	20	0.2
1	20	0.3
1	20	0.2
1	20	0.3
1	20	0.3
1	20	0.3
1	20	0.5
1	20	0.4
1	20	0.5
1	20	0.2
1	20	0.3
1	20	0.5
1	90	0.4
1	90	0.6
1	90	0.3
1	90	0.5
1	90	0.4
1	90	0.3
1	90	0.5
1	90	0.5
1	90	0.6
1	90	0.6
1	90	0.4
1	90	0.5
1	90	0.3
1	90	0.5
1	90	0.5
1	90	0.4
1	90	0.5
1	90	0.4
1	90	0.5
1	90	0.4
1	90	0.2
1	90	0.3
1	90	0.6
1	90	0.6
1	90	0.4
1	90	0.4
1	90	0.4
1	90	0.4
1	90	0.5
1	90	0.3
1	90	0.3
1	90	0.5
1	90	0.3
1	90	0.3
1	90	0.4
1	90	0.5
1	90	0.5
1	90	0.5
1	90	0.3
1	90	0.3
1	90	0.3
1	90	0.5
1	90	0.5
1	90	0.3
1	90	0.3
1	90	0.4
1	90	0.3
1	90	0.4
1	90	0.5
1	90	0.6
1	90	0.3
1	90	0.4
1	90	0.5
1	90	0.2
1	90	0.4
1	90	0.5
1	90	0.4
1	90	0.4
1	90	0.3
1	90	0.3
1	90	0.5
1	90	0.5
1	90	0.4
1	90	0.4
1	90	0.4
1	90	0.2
1	90	0.5
1	90	0.3
1	90	0.7
1	90	0.6
1	90	0.4
1	90	0.3
1	90	0.6
1	90	0.5
1	90	0.3
1	90	0.4
1	90	0.5
1	90	0.4
1	90	0.4
1	90	0.4
1	90	0.6
1	90	0.4
1	90	0.6
1	90	0.5
1	90	0.5
1	90	0.4
1	90	0.3
1	90	0.5
1	90	0.5
1	90	0.4
1	90	0.3
1	90	0.1
1	90	0.4
1	90	0.5
1	90	0.2
1	90	0.3
1	90	0.4
1	90	0.5
1	90	0.6
1	90	0.3
1	90	0.3
1	90	0.3
1	90	0.2
1	90	0.5
1	90	0.4
1	90	0.1
1	90	0.2
1	90	0.6
1	90	0.3
1	90	0.4
1	90	0.5
1	90	0.3
1	90	0.3
1	90	0.4
1	90	0.5
1	90	0.5
1	90	0.3
1	90	0.4
1	90	0.3
1	90	0.6
1	90	0.4
1	90	0.6
1	90	0.5
1	90	0.3
1	90	0.1
1	90	0.4
1	90	0.4
1	90	0.4
1	90	0.4
1	90	0.4
1	90	0.4
1	90	0.5
1	90	0.5
1	90	0.4
1	90	0.3
1	90	0.4
1	90	0.5
1	90	0.5
1	90	0.4
1	90	0.4
1	90	0.5
1	90	0.4
1	90	0.3
1	90	0.3
1	90	0.3
1	90	0.5
1	90	0.5
1	90	0.5
1	90	0.5
1	90	0.3
1	90	0.4
1	90	0.5
1	90	0.5
1	90	0.6
1	90	0.6
1	90	0.4
1	90	0.4
1	90	0.4
1	90	0.6
1	90	0.5
1	90	0.4
1	90	0.4
1	90	0.4
1	90	0.5
1	90	0.5
1	90	0.0
1	90	0.4
1	90	0.5
1	90	0.6
1	90	0.3
1	90	0.3
1	90	0.2
1	90	0.5
1	90	0.3
1	90	0.6
1	90	0.5
1	90	0.5
1	90	0.5
1	90	0.3
1	90	0.5
1	90	0.4
1	90	0.2
1	90	0.4
1	90	0.7
1	90	0.3
1	90	0.4
1	90	0.4
1	90	0.5
1	90	0.2
1	90	0.5
1	90	0.3
1	90	0.4
1	90	0.4
1	90	0.4
1	90	0.6
1	90	0.4
1	90	0.6
1	90	0.4
1	90	0.5
1	90	0.6
1	60	0.5
1	60	0.3
1	60	0.3
1	60	0.4
1	60	0.4
1	60	0.6
1	60	0.4
1	60	0.5
1	60	0.5
1	60	0.5
1	60	0.5
1	60	0.6
1	60	0.4
1	60	0.4
1	60	0.5
1	60	0.4
1	60	0.3
1	60	0.1
1	60	0.4
1	60	0.4
1	60	0.4
1	60	0.4
1	60	0.3
1	60	0.5
1	60	0.3
1	60	0.5
1	60	0.3
1	60	0.4
1	60	0.6
1	60	0.3
1	60	0.6
1	60	0.4
1	60	0.2
1	60	0.4
1	60	0.4
1	60	0.4
1	60	0.4
1	60	0.4
1	60	0.1
1	60	0.3
1	60	0.5
1	60	0.5
1	60	0.3
1	60	0.4
1	60	0.5
1	60	0.4
1	60	0.2
1	60	0.3
1	60	0.4
1	60	0.4
1	60	0.3
1	60	0.4
1	60	0.2
1	60	0.3
1	60	0.2
1	60	0.2
1	60	0.3
1	60	0.4
1	60	0.5
1	60	0.4
1	60	0.3
1	60	0.6
1	60	0.5
1	60	0.4
1	60	0.3
1	60	0.6
1	60	0.4
1	60	0.5
1	60	0.3
1	60	0.3
1	60	0.2
1	60	0.4
1	60	0.4
1	60	0.4
1	60	0.4
1	60	0.7
1	60	0.4
1	60	0.2
1	60	0.7
1	60	0.6
1	60	0.1
1	60	0.5
1	60	0.3
1	60	0.0
1	60	0.4
1	60	0.4
1	60	0.3
1	60	0.4
1	60	0.5
1	60	0.5
1	60	0.4
1	60	0.5
1	60	0.5
1	60	0.3
1	60	0.5
1	60	0.3
1	60	0.3
1	60	0.6
1	60	0.4
1	60	0.3
1	60	0.4
1	60	0.5
1	60	0.4
1	60	0.3
1	60	0.4
1	60	0.3
1	60	0.3
1	60	0.4
1	60	0.3
1	60	0.3
1	60	0.3
1	60	0.3
1	60	0.5
1	60	0.4
1	60	0.7
1	60	0.4
1	60	0.5
1	60	0.1
1	60	0.3
1	60	0.3
1	60	0.3
1	60	0.4
1	60	0.4
1	60	0.3
1	60	0.4
1	60	0.6
1	60	0.3
1	60	0.2
1	60	0.5
1	60	0.5
1	60	0.4
1	60	0.4
1	60	0.5
1	60	0.2
1	60	0.4
1	60	0.4
1	60	0.6
1	60	0.4
1	60	0.3
1	60	0.5
1	60	0.5
1	60	0.7
1	60	0.3
1	60	0.4
1	60	0.3
1	60	0.5
1	60	0.2
1	60	0.4
1	60	0.2
1	60	0.4
1	60	0.4
1	60	0.4
1	60	0.4
1	60	0.4
1	60	0.7
1	60	0.5
1	60	0.4
1	60	0.3
1	60	0.2
1	60	0.3
1	60	0.2
1	60	0.4
1	60	0.4
1	60	0.2
1	60	0.5
1	60	0.5
1	60	0.2
1	60	0.2
1	60	0.3
1	60	0.5
1	60	0.6
1	60	0.4
1	60	0.3
1	60	0.5
1	60	0.5
1	60	0.7
1	60	0.2
1	60	0.2
1	60	0.3
1	60	0.3
1	60	0.3
1	60	0.3
1	60	0.4
1	60	0.3
1	60	0.5
1	60	0.3
1	60	0.1
1	60	0.4
1	60	0.3
1	60	0.3
1	60	0.4
1	60	0.3
1	60	0.4
1	60	0.6
1	60	0.4
1	60	0.3
1	60	0.3
1	60	0.3
1	60	0.3
1	60	0.3
1	30	0.6
1	30	0.1
1	30	0.5
1	30	0.5
1	30	0.3
1	30	0.3
1	30	0.5
1	30	0.6
1	30	0.2
1	30	0.4
1	30	0.6
1	30	0.4
1	30	0.4
1	30	0.2
1	30	0.2
1	30	0.4
1	30	0.5
1	30	0.6
1	30	0.7
1	30	0.4
1	30	0.3
1	30	0.3
1	30	0.4
1	30	0.2
1	30	0.3
1	30	0.6
1	30	0.2
1	30	0.4
1	30	0.3
1	30	0.4
1	30	0.4
1	30	0.5
1	30	0.3
1	30	0.3
1	30	0.4
1	30	0.3
1	30	0.5
1	30	0.5
1	30	0.3
1	30	0.4
1	30	0.4
1	30	0.3
1	30	0.3
1	30	0.4
1	30	0.6
1	30	0.3
1	30	0.4
1	30	0.3
1	30	0.3
1	30	0.4
1	30	0.3
1	30	0.3
1	30	0.3
1	30	0.4
1	30	0.5
1	30	0.2
1	30	0.5
1	30	0.4
1	30	0.3
1	30	0.4
1	30	0.3
1	30	0.2
1	30	0.4
1	30	0.3
1	30	0.3
1	30	0.0
1	30	0.3
1	30	0.4
1	30	0.5
1	30	0.1
1	30	0.4
1	30	0.4
1	30	0.4
1	30	0.6
1	30	0.3
1	30	0.5
1	30	0.4
1	30	0.6
1	30	0.4
1	30	0.2
1	30	0.4
1	30	0.4
1	30	0.3
1	30	0.2
1	30	0.4
1	30	0.5
1	30	0.3
1	30	0.4
1	30	0.6
1	30	0.3
1	30	0.0
1	30	0.5
1	30	0.4
1	30	0.1
1	30	0.2
1	30	0.6
1	30	0.5
1	30	0.3
1	30	0.4
1	30	0.5
1	30	0.4
1	30	0.7
1	30	0.6
1	30	0.2
1	30	0.5
1	30	0.5
1	30	0.2
1	30	0.4
1	30	0.1
1	30	0.5
1	30	0.5
1	30	0.3
1	30	0.5
1	30	0.6
1	30	0.4
1	30	0.6
1	30	0.3
1	30	0.2
1	30	0.4
1	30	0.3
1	30	0.2
1	30	0.5
1	30	0.4
1	30	0.2
1	30	0.4
1	30	0.2
1	30	0.3
1	30	0.3
1	30	0.4
1	30	0.5
1	30	0.5
1	30	0.7
1	30	0.3
1	30	0.2
1	30	0.1
1	30	0.4
1	30	0.5
1	30	0.3
1	30	0.3
1	30	0.5
1	30	0.4
1	30	0.5
1	30	0.2
1	30	0.3
1	30	0.6
1	30	0.4
1	30	0.3
1	30	0.4
1	30	0.6
1	30	0.4
1	30	0.4
1	30	0.5
1	30	0.3
1	30	0.6
1	30	0.5
1	30	0.5
1	30	0.6
1	30	0.6
1	30	0.6
1	30	0.3
1	30	0.5
1	30	0.5
1	30	0.5
1	30	0.4
1	30	0.5
1	30	0.6
1	30	0.6
1	30	0.4
1	30	0.3
1	30	0.5
1	30	0.6
1	30	0.6
1	30	0.6
1	30	0.5
1	30	0.5
1	30	0.4
1	30	0.3
1	30	0.4
1	30	0.2
1	30	0.3
1	30	0.3
1	30	0.5
1	30	0.2
1	30	0.6
1	30	0.3
1	30	0.5
1	30	0.5
1	30	0.2
1	30	0.5
1	30	0.5
1	30	0.4
1	30	0.6
1	30	0.4
1	30	0.3
1	30	0.5
1	30	0.3
1	30	0.2
1	30	0.5
1	30	0.3
1	30	0.4
2	1	0.0
2	1	0.0
2	1	0.0
2	1	0.0
2	1	0.0
2	1	0.0
2	1	0.0
2	1	0.1
2	1	0.0
2	1	0.0
2	1	0.0
2	1	0.0
2	1	0.1
2	1	0.0
2	1	0.0
2	1	0.0
2	1	0.0
2	1	0.0
2	1	0.0
2	1	0.0
2	1	0.1
2	1	0.0
2	1	0.0
2	1	0.1
2	1	0.0
2	1	0.2
2	1	0.0
2	1	0.0
2	1	0.0
2	1	0.1
2	1	0.0
2	1	0.1
2	1	0.0
2	1	0.0
2	1	0.2
2	1	0.0
2	1	0.1
2	1	0.0
2	1	0.2
2	1	0.1
2	1	0.0
2	1	0.0
2	1	0.0
2	1	0.1
2	1	0.2
2	1	0.0
2	1	0.0
2	1	0.0
2	1	0.0
2	1	0.3
2	1	0.0
2	1	0.0
2	1	0.0
2	1	0.2
2	1	0.0
2	1	0.0
2	1	0.0
2	1	0.1
2	1	0.0
2	1	0.0
2	1	0.0
2	1	0.1
2	1	0.1
2	1	0.0
2	1	0.1
2	1	0.0
2	1	0.1
2	1	0.1
2	1	0.1
2	1	0.0
2	1	0.0
2	1	0.2
2	1	0.1
2	1	0.0
2	1	0.0
2	1	0.1
2	1	0.0
2	1	0.1
2	1	0.1
2	1	0.1
2	1	0.0
2	1	0.0
2	1	0.0
2	1	0.0
2	1	0.1
2	1	0.0
2	1	0.0
2	1	0.2
2	1	0.0
2	1	0.0
2	1	0.0
2	1	0.1
2	1	0.2
2	1	0.1
2	1	0.3
2	1	0.0
2	1	0.1
2	1	0.0
2	1	0.1
2	1	0.0
2	1	0.0
2	1	0.0
2	1	0.0
2	1	0.0
2	1	0.2
2	1	0.0
2	1	0.1
2	1	0.1
2	1	0.1
2	1	0.0
2	1	0.0
2	1	0.0
2	1	0.1
2	1	0.1
2	1	0.0
2	1	0.0
2	1	0.0
2	1	0.0
2	1	0.1
2	1	0.0
2	1	0.0
2	1	0.0
2	1	0.0
2	1	0.1
2	1	0.1
2	1	0.0
2	1	0.0
2	1	0.0
2	1	0.0
2	1	0.1
2	1	0.2
2	1	0.0
2	1	0.1
2	1	0.0
2	1	0.1
2	1	0.0
2	1	0.1
2	1	0.1
2	1	0.0
2	1	0.0
2	1	0.0
2	1	0.1
2	1	0.0
2	1	0.0
2	1	0.0
2	1	0.0
2	1	0.0
2	1	0.2
2	1	0.0
2	1	0.1
2	1	0.1
2	1	0.0
2	1	0.0
2	1	0.0
2	1	0.0
2	1	0.0
2	1	0.2
2	1	0.1
2	1	0.0
2	1	0.1
2	1	0.1
2	1	0.0
2	1	0.0
2	1	0.0
2	1	0.1
2	1	0.0
2	1	0.0
2	1	0.1
2	1	0.1
2	1	0.1
2	1	0.1
2	1	0.0
2	1	0.0
2	1	0.1
2	1	0.0
2	1	0.1
2	1	0.0
2	1	0.0
2	1	0.0
2	1	0.2
2	1	0.2
2	1	0.0
2	1	0.0
2	1	0.1
2	1	0.1
2	1	0.0
2	1	0.0
2	1	0.1
2	1	0.2
2	1	0.0
2	1	0.0
2	1	0.2
2	1	0.1
2	1	0.2
2	1	0.0
2	1	0.1
2	1	0.0
2	1	0.0
2	1	0.3
2	1	0.0
2	100	0.5
2	100	0.3
2	100	0.4
2	100	0.5
2	100	0.4
2	100	0.4
2	100	0.4
2	100	0.5
2	100	0.5
2	100	0.4
2	100	0.4
2	100	0.4
2	100	0.4
2	100	0.4
2	100	0.4
2	100	0.5
2	100	0.4
2	100	0.4
2	100	0.5
2	100	0.3
2	100	0.4
2	100	0.3
2	100	0.4
2	100	0.4
2	100	0.4
2	100	0.4
2	100	0.4
2	100	0.4
2	100	0.4
2	100	0.5
2	100	0.4
2	100	0.4
2	100	0.3
2	100	0.4
2	100	0.5
2	100	0.4
2	100	0.4
2	100	0.4
2	100	0.4
2	100	0.4
2	100	0.4
2	100	0.5
2	100	0.4
2	100	0.4
2	100	0.4
2	100	0.4
2	100	0.4
2	100	0.4
2	100	0.4
2	100	0.4
2	100	0.4
2	100	0.4
2	100	0.4
2	100	0.4
2	100	0.5
2	100	0.4
2	100	0.4
2	100	0.3
2	100	0.4
2	100	0.4
2	100	0.4
2	100	0.4
2	100	0.4
2	100	0.3
2	100	0.4
2	100	0.4
2	100	0.4
2	100	0.4
2	100	0.3
2	100	0.4
2	100	0.4
2	100	0.4
2	100	0.4
2	100	0.4
2	100	0.5
2	100	0.4
2	100	0.5
2	100	0.5
2	100	0.4
2	100	0.4
2	100	0.5
2	100	0.4
2	100	0.4
2	100	0.4
2	100	0.5
2	100	0.3
2	100	0.4
2	100	0.4
2	100	0.4
2	100	0.4
2	100	0.4
2	100	0.4
2	100	0.4
2	100	0.4
2	100	0.4
2	100	0.4
2	100	0.5
2	100	0.4
2	100	0.4
2	100	0.4
2	100	0.4
2	100	0.4
2	100	0.4
2	100	0.4
2	100	0.4
2	100	0.4
2	100	0.4
2	100	0.5
2	100	0.4
2	100	0.4
2	100	0.4
2	100	0.4
2	100	0.4
2	100	0.3
2	100	0.4
2	100	0.4
2	100	0.4
2	100	0.5
2	100	0.4
2	100	0.6
2	100	0.4
2	100	0.4
2	100	0.5
2	100	0.5
2	100	0.4
2	100	0.3
2	100	0.5
2	100	0.4
2	100	0.4
2	100	0.4
2	100	0.4
2	100	0.4
2	100	0.4
2	100	0.4
2	100	0.4
2	100	0.4
2	100	0.4
2	100	0.4
2	100	0.4
2	100	0.4
2	100	0.4
2	100	0.4
2	100	0.5
2	100	0.6
2	100	0.4
2	100	0.4
2	100	0.4
2	100	0.5
2	100	0.4
2	100	0.4
2	100	0.4
2	100	0.4
2	100	0.4
2	100	0.4
2	100	0.4
2	100	0.6
2	100	0.5
2	100	0.5
2	100	0.4
2	100	0.4
2	100	0.4
2	100	0.4
2	100	0.5
2	100	0.4
2	100	0.5
2	100	0.4
2	100	0.4
2	100	0.4
2	100	0.4
2	100	0.4
2	100	0.5
2	100	0.4
2	100	0.4
2	100	0.3
2	100	0.4
2	100	0.4
2	100	0.4
2	100	0.5
2	100	0.4
2	100	0.4
2	100	0.4
2	100	0.4
2	100	0.4
2	100	0.4
2	100	0.3
2	100	0.4
2	100	0.6
2	100	0.4
2	100	0.5
2	100	0.5
2	100	0.3
2	100	0.5
2	100	0.4
2	100	0.4
2	100	0.4
2	100	0.4
2	100	0.5
2	100	0.5
2	100	0.4
2	100	0.3
2	70	0.3
2	70	0.5
2	70	0.6
2	70	0.3
2	70	0.3
2	70	0.4
2	70	0.5
2	70	0.4
2	70	0.3
2	70	0.5
2	70	0.4
2	70	0.4
2	70	0.4
2	70	0.5
2	70	0.4
2	70	0.2
2	70	0.3
2	70	0.4
2	70	0.5
2	70	0.5
2	70	0.4
2	70	0.5
2	70	0.2
2	70	0.4
2	70	0.3
2	70	0.5
2	70	0.3
2	70	0.3
2	70	0.3
2	70	0.3
2	70	0.5
2	70	0.4
2	70	0.3
2	70	0.5
2	70	0.7
2	70	0.3
2	70	0.4
2	70	0.3
2	70	0.4
2	70	0.4
2	70	0.5
2	70	0.4
2	70	0.3
2	70	0.5
2	70	0.4
2	70	0.6
2	70	0.3
2	70	0.4
2	70	0.5
2	70	0.2
2	70	0.5
2	70	0.5
2	70	0.4
2	70	0.5
2	70	0.5
2	70	0.3
2	70	0.4
2	70	0.3
2	70	0.2
2	70	0.4
2	70	0.3
2	70	0.3
2	70	0.4
2	70	0.6
2	70	0.4
2	70	0.4
2	70	0.6
2	70	0.5
2	70	0.3
2	70	0.1
2	70	0.5
2	70	0.4
2	70	0.2
2	70	0.0
2	70	0.6
2	70	0.2
2	70	0.6
2	70	0.4
2	70	0.5
2	70	0.1
2	70	0.1
2	70	0.2
2	70	0.5
2	70	0.5
2	70	0.5
2	70	0.5
2	70	0.5
2	70	0.3
2	70	0.3
2	70	0.4
2	70	0.4
2	70	0.4
2	70	0.4
2	70	0.4
2	70	0.2
2	70	0.3
2	70	0.4
2	70	0.3
2	70	0.3
2	70	0.1
2	70	0.6
2	70	0.2
2	70	0.4
2	70	0.3
2	70	0.2
2	70	0.6
2	70	0.3
2	70	0.4
2	70	0.7
2	70	0.5
2	70	0.3
2	70	0.4
2	70	0.6
2	70	0.3
2	70	0.3
2	70	0.4
2	70	0.4
2	70	0.5
2	70	0.5
2	70	0.4
2	70	0.4
2	70	0.6
2	70	0.3
2	70	0.5
2	70	0.3
2	70	0.4
2	70	0.4
2	70	0.6
2	70	0.4
2	70	0.4
2	70	0.2
2	70	0.2
2	70	0.4
2	70	0.6
2	70	0.3
2	70	0.3
2	70	0.4
2	70	0.4
2	70	0.2
2	70	0.7
2	70	0.6
2	70	0.4
2	70	0.4
2	70	0.4
2	70	0.3
2	70	0.5
2	70	0.4
2	70	0.3
2	70	0.6
2	70	0.6
2	70	0.6
2	70	0.4
2	70	0.4
2	70	0.4
2	70	0.3
2	70	0.2
2	70	0.3
2	70	0.5
2	70	0.6
2	70	0.2
2	70	0.5
2	70	0.4
2	70	0.2
2	70	0.3
2	70	0.4
2	70	0.5
2	70	0.5
2	70	0.5
2	70	0.4
2	70	0.3
2	70	0.3
2	70	0.5
2	70	0.2
2	70	0.4
2	70	0.5
2	70	0.4
2	70	0.3
2	70	0.4
2	70	0.4
2	70	0.4
2	70	0.4
2	70	0.3
2	70	0.2
2	70	0.6
2	70	0.3
2	70	0.4
2	70	0.3
2	70	0.4
2	70	0.4
2	70	0.3
2	70	0.3
2	70	0.5
2	70	0.5
2	70	0.7
2	70	0.4
2	70	0.3
2	70	0.4
2	70	0.3
2	70	0.3
2	70	0.5
2	40	0.3
2	40	0.5
2	40	0.5
2	40	0.2
2	40	0.8
2	40	0.3
2	40	0.4
2	40	0.5
2	40	0.6
2	40	0.6
2	40	0.6
2	40	0.5
2	40	0.4
2	40	0.4
2	40	0.5
2	40	0.3
2	40	0.3
2	40	0.6
2	40	0.5
2	40	0.5
2	40	0.5
2	40	0.4
2	40	0.7
2	40	0.6
2	40	0.4
2	40	0.2
2	40	0.4
2	40	0.5
2	40	0.3
2	40	0.5
2	40	0.4
2	40	0.6
2	40	0.2
2	40	0.3
2	40	0.3
2	40	0.6
2	40	0.4
2	40	0.3
2	40	0.3
2	40	0.3
2	40	0.4
2	40	0.5
2	40	0.2
2	40	0.2
2	40	0.5
2	40	0.5
2	40	0.6
2	40	0.5
2	40	0.4
2	40	0.4
2	40	0.5
2	40	0.5
2	40	0.7
2	40	0.4
2	40	0.7
2	40	0.6
2	40	0.3
2	40	0.4
2	40	0.1
2	40	0.2
2	40	0.4
2	40	0.4
2	40	0.4
2	40	0.4
2	40	0.4
2	40	0.4
2	40	0.2
2	40	0.6
2	40	0.4
2	40	0.6
2	40	0.5
2	40	0.3
2	40	0.6
2	40	0.3
2	40	0.7
2	40	0.4
2	40	0.5
2	40	0.4
2	40	0.5
2	40	0.3
2	40	0.1
2	40	0.4
2	40	0.4
2	40	0.4
2	40	0.6
2	40	0.7
2	40	0.5
2	40	0.3
2	40	0.2
2	40	0.7
2	40	0.5
2	40	0.4
2	40	0.4
2	40	0.4
2	40	0.4
2	40	0.4
2	40	0.5
2	40	0.6
2	40	0.3
2	40	0.2
2	40	0.4
2	40	0.5
2	40	0.4
2	40	0.6
2	40	0.6
2	40	0.6
2	40	0.5
2	40	0.4
2	40	0.4
2	40	0.5
2	40	0.1
2	40	0.3
2	40	0.4
2	40	0.3
2	40	0.3
2	40	0.1
2	40	0.3
2	40	0.3
2	40	0.2
2	40	0.4
2	40	0.5
2	40	0.7
2	40	0.6
2	40	0.4
2	40	0.4
2	40	0.6
2	40	0.3
2	40	0.5
2	40	0.4
2	40	0.2
2	40	0.5
2	40	0.2
2	40	0.4
2	40	0.6
2	40	0.6
2	40	0.5
2	40	0.6
2	40	0.3
2	40	0.5
2	40	0.5
2	40	0.3
2	40	0.3
2	40	0.4
2	40	0.4
2	40	0.3
2	40	0.5
2	40	0.6
2	40	0.4
2	40	0.4
2	40	0.6
2	40	0.4
2	40	0.4
2	40	0.3
2	40	0.4
2	40	0.7
2	40	0.2
2	40	0.5
2	40	0.3
2	40	0.4
2	40	0.5
2	40	0.3
2	40	0.4
2	40	0.3
2	40	0.4
2	40	0.4
2	40	0.3
2	40	0.3
2	40	0.5
2	40	0.5
2	40	0.5
2	40	0.5
2	40	0.4
2	40	0.4
2	40	0.4
2	40	0.3
2	40	0.2
2	40	0.4
2	40	0.3
2	40	0.6
2	40	0.4
2	40	0.5
2	40	0.6
2	40	0.5
2	40	0.5
2	40	0.4
2	40	0.2
2	40	0.4
2	40	0.7
2	40	0.6
2	40	0.2
2	40	0.5
2	40	0.5
2	40	0.4
2	40	0.5
2	40	0.3
2	40	0.3
2	40	0.4
2	40	0.3
2	40	0.5
2	40	0.4
2	10	0.1
2	10	0.1
2	10	0.6
2	10	0.3
2	10	0.3
2	10	0.1
2	10	0.2
2	10	0.2
2	10	0.4
2	10	0.5
2	10	0.3
2	10	0.4
2	10	0.5
2	10	0.4
2	10	0.2
2	10	0.3
2	10	0.3
2	10	0.4
2	10	0.2
2	10	0.1
2	10	0.2
2	10	0.1
2	10	0.3
2	10	0.2
2	10	0.3
2	10	0.0
2	10	0.3
2	10	0.3
2	10	0.1
2	10	0.0
2	10	0.4
2	10	0.2
2	10	0.4
2	10	0.4
2	10	0.5
2	10	0.2
2	10	0.3
2	10	0.2
2	10	0.1
2	10	0.2
2	10	0.3
2	10	0.2
2	10	0.2
2	10	0.1
2	10	0.3
2	10	0.2
2	10	0.3
2	10	0.0
2	10	0.4
2	10	0.3
2	10	0.2
2	10	0.4
2	10	0.0
2	10	0.5
2	10	0.2
2	10	0.0
2	10	0.4
2	10	0.1
2	10	0.2
2	10	0.3
2	10	0.3
2	10	0.2
2	10	0.4
2	10	0.2
2	10	0.3
2	10	0.2
2	10	0.1
2	10	0.2
2	10	0.2
2	10	0.4
2	10	0.3
2	10	0.2
2	10	0.2
2	10	0.4
2	10	0.1
2	10	0.2
2	10	0.4
2	10	0.3
2	10	0.2
2	10	0.3
2	10	0.1
2	10	0.3
2	10	0.4
2	10	0.0
2	10	0.5
2	10	0.2
2	10	0.2
2	10	0.4
2	10	0.2
2	10	0.6
2	10	0.3
2	10	0.2
2	10	0.5
2	10	0.2
2	10	0.4
2	10	0.4
2	10	0.5
2	10	0.1
2	10	0.2
2	10	0.3
2	10	0.2
2	10	0.4
2	10	0.3
2	10	0.3
2	10	0.2
2	10	0.2
2	10	0.3
2	10	0.4
2	10	0.3
2	10	0.5
2	10	0.2
2	10	0.2
2	10	0.2
2	10	0.4
2	10	0.3
2	10	0.5
2	10	0.3
2	10	0.3
2	10	0.2
2	10	0.1
2	10	0.3
2	10	0.4
2	10	0.2
2	10	0.3
2	10	0.0
2	10	0.5
2	10	0.1
2	10	0.4
2	10	0.3
2	10	0.3
2	10	0.3
2	10	0.2
2	10	0.6
2	10	0.3
2	10	0.6
2	10	0.3
2	10	0.1
2	10	0.3
2	10	0.1
2	10	0.0
2	10	0.2
2	10	0.3
2	10	0.2
2	10	0.1
2	10	0.1
2	10	0.3
2	10	0.4
2	10	0.4
2	10	0.4
2	10	0.4
2	10	0.3
2	10	0.6
2	10	0.2
2	10	0.2
2	10	0.2
2	10	0.2
2	10	0.3
2	10	0.3
2	10	0.4
2	10	0.4
2	10	0.3
2	10	0.3
2	10	0.4
2	10	0.3
2	10	0.4
2	10	0.2
2	10	0.3
2	10	0.4
2	10	0.3
2	10	0.1
2	10	0.1
2	10	0.3
2	10	0.2
2	10	0.3
2	10	0.2
2	10	0.4
2	10	0.1
2	10	0.2
2	10	0.2
2	10	0.3
2	10	0.2
2	10	0.1
2	10	0.2
2	10	0.1
2	10	0.2
2	10	0.4
2	10	0.2
2	10	0.2
2	10	0.3
2	10	0.1
2	10	0.2
2	10	0.3
2	10	0.2
2	10	0.1
2	10	0.2
2	10	0.2
2	10	0.3
2	10	0.2
2	10	0.3
2	10	0.6
2	80	0.3
2	80	0.2
2	80	0.3
2	80	0.1
2	80	0.3
2	80	0.4
2	80	0.4
2	80	0.3
2	80	0.4
2	80	0.5
2	80	0.6
2	80	0.3
2	80	0.4
2	80	0.5
2	80	0.4
2	80	0.4
2	80	0.6
2	80	0.4
2	80	0.3
2	80	0.4
2	80	0.3
2	80	0.3
2	80	0.2
2	80	0.5
2	80	0.3
2	80	0.3
2	80	0.5
2	80	0.4
2	80	0.5
2	80	0.3
2	80	0.6
2	80	0.3
2	80	0.5
2	80	0.5
2	80	0.3
2	80	0.4
2	80	0.4
2	80	0.4
2	80	0.5
2	80	0.4
2	80	0.5
2	80	0.3
2	80	0.4
2	80	0.5
2	80	0.3
2	80	0.5
2	80	0.4
2	80	0.4
2	80	0.4
2	80	0.3
2	80	0.3
2	80	0.4
2	80	0.4
2	80	0.2
2	80	0.4
2	80	0.2
2	80	0.4
2	80	0.5
2	80	0.4
2	80	0.3
2	80	0.4
2	80	0.2
2	80	0.3
2	80	0.4
2	80	0.5
2	80	0.4
2	80	0.4
2	80	0.5
2	80	0.5
2	80	0.4
2	80	0.4
2	80	0.3
2	80	0.4
2	80	0.2
2	80	0.5
2	80	0.4
2	80	0.4
2	80	0.5
2	80	0.3
2	80	0.3
2	80	0.4
2	80	0.6
2	80	0.5
2	80	0.4
2	80	0.3
2	80	0.4
2	80	0.5
2	80	0.4
2	80	0.5
2	80	0.5
2	80	0.4
2	80	0.7
2	80	0.5
2	80	0.4
2	80	0.6
2	80	0.2
2	80	0.5
2	80	0.5
2	80	0.5
2	80	0.2
2	80	0.5
2	80	0.5
2	80	0.4
2	80	0.4
2	80	0.3
2	80	0.5
2	80	0.4
2	80	0.4
2	80	0.2
2	80	0.4
2	80	0.4
2	80	0.5
2	80	0.5
2	80	0.3
2	80	0.6
2	80	0.3
2	80	0.5
2	80	0.5
2	80	0.5
2	80	0.4
2	80	0.5
2	80	0.3
2	80	0.5
2	80	0.5
2	80	0.5
2	80	0.5
2	80	0.4
2	80	0.5
2	80	0.4
2	80	0.3
2	80	0.6
2	80	0.5
2	80	0.4
2	80	0.5
2	80	0.5
2	80	0.3
2	80	0.4
2	80	0.4
2	80	0.4
2	80	0.3
2	80	0.5
2	80	0.6
2	80	0.5
2	80	0.5
2	80	0.4
2	80	0.6
2	80	0.4
2	80	0.3
2	80	0.4
2	80	0.5
2	80	0.5
2	80	0.3
2	80	0.6
2	80	0.3
2	80	0.4
2	80	0.5
2	80	0.4
2	80	0.4
2	80	0.4
2	80	0.5
2	80	0.3
2	80	0.3
2	80	0.5
2	80	0.5
2	80	0.5
2	80	0.6
2	80	0.3
2	80	0.3
2	80	0.4
2	80	0.5
2	80	0.4
2	80	0.6
2	80	0.6
2	80	0.6
2	80	0.5
2	80	0.5
2	80	0.4
2	80	0.5
2	80	0.5
2	80	0.5
2	80	0.5
2	80	0.2
2	80	0.4
2	80	0.3
2	80	0.4
2	80	0.3
2	80	0.3
2	80	0.3
2	80	0.6
2	80	0.5
2	80	0.2
2	80	0.4
2	80	0.5
2	80	0.2
2	80	0.4
2	80	0.2
2	80	0.3
2	80	0.4
2	80	0.5
2	80	0.3
2	50	0.6
2	50	0.2
2	50	0.3
2	50	0.4
2	50	0.4
2	50	0.5
2	50	0.5
2	50	0.5
2	50	0.4
2	50	0.3
2	50	0.5
2	50	0.3
2	50	0.5
2	50	0.7
2	50	0.4
2	50	0.2
2	50	0.4
2	50	0.2
2	50	0.5
2	50	0.4
2	50	0.2
2	50	0.5
2	50	0.4
2	50	0.5
2	50	0.5
2	50	0.5
2	50	0.4
2	50	0.5
2	50	0.4
2	50	0.4
2	50	0.4
2	50	0.6
2	50	0.5
2	50	0.2
2	50	0.4
2	50	0.3
2	50	0.7
2	50	0.7
2	50	0.5
2	50	0.4
2	50	0.5
2	50	0.6
2	50	0.4
2	50	0.7
2	50	0.3
2	50	0.5
2	50	0.2
2	50	0.2
2	50	0.7
2	50	0.6
2	50	0.5
2	50	0.7
2	50	0.4
2	50	0.3
2	50	0.4
2	50	0.5
2	50	0.5
2	50	0.4
2	50	0.3
2	50	0.3
2	50	0.3
2	50	0.6
2	50	0.5
2	50	0.5
2	50	0.7
2	50	0.4
2	50	0.1
2	50	0.3
2	50	0.3
2	50	0.2
2	50	0.1
2	50	0.4
2	50	0.5
2	50	0.5
2	50	0.1
2	50	0.4
2	50	0.3
2	50	0.4
2	50	0.5
2	50	0.3
2	50	0.4
2	50	0.3
2	50	0.5
2	50	0.4
2	50	0.3
2	50	0.4
2	50	0.5
2	50	0.2
2	50	0.4
2	50	0.5
2	50	0.3
2	50	0.4
2	50	0.6
2	50	0.3
2	50	0.2
2	50	0.3
2	50	0.3
2	50	0.4
2	50	0.2
2	50	0.6
2	50	0.4
2	50	0.5
2	50	0.5
2	50	0.4
2	50	0.4
2	50	0.4
2	50	0.4
2	50	0.4
2	50	0.5
2	50	0.6
2	50	0.2
2	50	0.5
2	50	0.6
2	50	0.3
2	50	0.5
2	50	0.3
2	50	0.3
2	50	0.5
2	50	0.4
2	50	0.5
2	50	0.5
2	50	0.3
2	50	0.4
2	50	0.5
2	50	0.3
2	50	0.4
2	50	0.5
2	50	0.5
2	50	0.5
2	50	0.5
2	50	0.4
2	50	0.5
2	50	0.5
2	50	0.3
2	50	0.6
2	50	0.5
2	50	0.4
2	50	0.5
2	50	0.5
2	50	0.5
2	50	0.2
2	50	0.4
2	50	0.6
2	50	0.3
2	50	0.4
2	50	0.5
2	50	0.4
2	50	0.4
2	50	0.2
2	50	0.4
2	50	0.3
2	50	0.2
2	50	0.4
2	50	0.5
2	50	0.3
2	50	0.7
2	50	0.7
2	50	0.1
2	50	0.5
2	50	0.5
2	50	0.4
2	50	0.5
2	50	0.5
2	50	0.3
2	50	0.2
2	50	0.3
2	50	0.3
2	50	0.4
2	50	0.4
2	50	0.1
2	50	0.5
2	50	0.5
2	50	0.4
2	50	0.3
2	50	0.5
2	50	0.4
2	50	0.5
2	50	0.4
2	50	0.4
2	50	0.2
2	50	0.3
2	50	0.6
2	50	0.4
2	50	0.2
2	50	0.7
2	50	0.5
2	50	0.4
2	50	0.4
2	50	0.6
2	50	0.2
2	50	0.4
2	50	0.4
2	50	0.4
2	50	0.5
2	50	0.3
2	50	0.3
2	50	0.4
2	50	0.4
2	50	0.1
2	50	0.4
2	20	0.3
2	20	0.4
2	20	0.4
2	20	0.4
2	20	0.2
2	20	0.5
2	20	0.3
2	20	0.3
2	20	0.5
2	20	0.1
2	20	0.5
2	20	0.5
2	20	0.5
2	20	0.3
2	20	0.3
2	20	0.2
2	20	0.4
2	20	0.4
2	20	0.3
2	20	0.3
2	20	0.4
2	20	0.5
2	20	0.7
2	20	0.4
2	20	0.4
2	20	0.2
2	20	0.2
2	20	0.7
2	20	0.1
2	20	0.3
2	20	0.4
2	20	0.5
2	20	0.3
2	20	0.5
2	20	0.3
2	20	0.5
2	20	0.1
2	20	0.2
2	20	0.4
2	20	0.4
2	20	0.3
2	20	0.3
2	20	0.4
2	20	0.5
2	20	0.3
2	20	0.3
2	20	0.5
2	20	0.4
2	20	0.0
2	20	0.3
2	20	0.3
2	20	0.4
2	20	0.1
2	20	0.4
2	20	0.5
2	20	0.3
2	20	0.5
2	20	0.3
2	20	0.4
2	20	0.5
2	20	0.3
2	20	0.5
2	20	0.5
2	20	0.3
2	20	0.3
2	20	0.3
2	20	0.6
2	20	0.5
2	20	0.2
2	20	0.3
2	20	0.5
2	20	0.5
2	20	0.1
2	20	0.5
2	20	0.4
2	20	0.6
2	20	0.5
2	20	0.3
2	20	0.4
2	20	0.5
2	20	0.3
2	20	0.5
2	20	0.4
2	20	0.6
2	20	0.4
2	20	0.3
2	20	0.2
2	20	0.2
2	20	0.7
2	20	0.5
2	20	0.7
2	20	0.5
2	20	0.5
2	20	0.4
2	20	0.2
2	20	0.4
2	20	0.7
2	20	0.3
2	20	0.3
2	20	0.3
2	20	0.2
2	20	0.3
2	20	0.5
2	20	0.3
2	20	0.5
2	20	0.5
2	20	0.3
2	20	0.4
2	20	0.7
2	20	0.1
2	20	0.3
2	20	0.0
2	20	0.4
2	20	0.4
2	20	0.6
2	20	0.3
2	20	0.4
2	20	0.4
2	20	0.6
2	20	0.3
2	20	0.3
2	20	0.3
2	20	0.4
2	20	0.2
2	20	0.3
2	20	0.2
2	20	0.5
2	20	0.3
2	20	0.3
2	20	0.4
2	20	0.2
2	20	0.6
2	20	0.3
2	20	0.3
2	20	0.3
2	20	0.4
2	20	0.5
2	20	0.3
2	20	0.4
2	20	0.3
2	20	0.3
2	20	0.1
2	20	0.5
2	20	0.5
2	20	0.5
2	20	0.3
2	20	0.3
2	20	0.3
2	20	0.5
2	20	0.3
2	20	0.6
2	20	0.4
2	20	0.6
2	20	0.2
2	20	0.3
2	20	0.2
2	20	0.2
2	20	0.1
2	20	0.1
2	20	0.4
2	20	0.2
2	20	0.6
2	20	0.3
2	20	0.5
2	20	0.3
2	20	0.2
2	20	0.3
2	20	0.3
2	20	0.3
2	20	0.1
2	20	0.3
2	20	0.7
2	20	0.5
2	20	0.4
2	20	0.5
2	20	0.2
2	20	0.3
2	20	0.2
2	20	0.5
2	20	0.4
2	20	0.1
2	20	0.5
2	20	0.2
2	20	0.4
2	20	0.6
2	20	0.4
2	20	0.5
2	20	0.4
2	20	0.1
2	20	0.3
2	20	0.3
2	20	0.2
2	20	0.3
2	20	0.2
2	20	0.2
2	20	0.3
2	20	0.6
2	20	0.4
2	20	0.2
2	20	0.2
2	90	0.5
2	90	0.4
2	90	0.4
2	90	0.3
2	90	0.5
2	90	0.5
2	90	0.4
2	90	0.5
2	90	0.4
2	90	0.5
2	90	0.4
2	90	0.4
2	90	0.5
2	90	0.4
2	90	0.5
2	90	0.4
2	90	0.3
2	90	0.5
2	90	0.4
2	90	0.3
2	90	0.3
2	90	0.4
2	90	0.5
2	90	0.4
2	90	0.3
2	90	0.4
2	90	0.3
2	90	0.4
2	90	0.4
2	90	0.4
2	90	0.4
2	90	0.5
2	90	0.4
2	90	0.3
2	90	0.4
2	90	0.4
2	90	0.5
2	90	0.4
2	90	0.4
2	90	0.2
2	90	0.6
2	90	0.4
2	90	0.4
2	90	0.5
2	90	0.5
2	90	0.4
2	90	0.5
2	90	0.4
2	90	0.4
2	90	0.3
2	90	0.3
2	90	0.4
2	90	0.4
2	90	0.4
2	90	0.4
2	90	0.5
2	90	0.4
2	90	0.4
2	90	0.4
2	90	0.4
2	90	0.4
2	90	0.4
2	90	0.4
2	90	0.4
2	90	0.5
2	90	0.4
2	90	0.4
2	90	0.4
2	90	0.4
2	90	0.6
2	90	0.3
2	90	0.4
2	90	0.4
2	90	0.4
2	90	0.3
2	90	0.6
2	90	0.4
2	90	0.6
2	90	0.2
2	90	0.3
2	90	0.4
2	90	0.5
2	90	0.5
2	90	0.4
2	90	0.6
2	90	0.3
2	90	0.5
2	90	0.5
2	90	0.5
2	90	0.4
2	90	0.4
2	90	0.5
2	90	0.4
2	90	0.3
2	90	0.3
2	90	0.4
2	90	0.4
2	90	0.6
2	90	0.4
2	90	0.5
2	90	0.4
2	90	0.3
2	90	0.5
2	90	0.4
2	90	0.4
2	90	0.5
2	90	0.3
2	90	0.5
2	90	0.4
2	90	0.4
2	90	0.5
2	90	0.3
2	90	0.5
2	90	0.3
2	90	0.3
2	90	0.4
2	90	0.5
2	90	0.3
2	90	0.5
2	90	0.4
2	90	0.3
2	90	0.4
2	90	0.4
2	90	0.4
2	90	0.5
2	90	0.5
2	90	0.4
2	90	0.5
2	90	0.5
2	90	0.6
2	90	0.4
2	90	0.5
2	90	0.4
2	90	0.4
2	90	0.4
2	90	0.3
2	90	0.5
2	90	0.3
2	90	0.5
2	90	0.5
2	90	0.4
2	90	0.4
2	90	0.5
2	90	0.4
2	90	0.6
2	90	0.4
2	90	0.5
2	90	0.3
2	90	0.4
2	90	0.5
2	90	0.3
2	90	0.4
2	90	0.4
2	90	0.4
2	90	0.3
2	90	0.3
2	90	0.5
2	90	0.5
2	90	0.5
2	90	0.5
2	90	0.4
2	90	0.5
2	90	0.3
2	90	0.3
2	90	0.5
2	90	0.3
2	90	0.3
2	90	0.5
2	90	0.5
2	90	0.4
2	90	0.5
2	90	0.5
2	90	0.6
2	90	0.4
2	90	0.4
2	90	0.3
2	90	0.5
2	90	0.4
2	90	0.4
2	90	0.4
2	90	0.4
2	90	0.3
2	90	0.4
2	90	0.4
2	90	0.3
2	90	0.4
2	90	0.5
2	90	0.3
2	90	0.4
2	90	0.3
2	90	0.3
2	90	0.6
2	90	0.4
2	90	0.3
2	90	0.4
2	90	0.3
2	90	0.3
2	90	0.4
2	90	0.5
2	90	0.4
2	60	0.4
2	60	0.3
2	60	0.4
2	60	0.4
2	60	0.4
2	60	0.5
2	60	0.3
2	60	0.3
2	60	0.3
2	60	0.4
2	60	0.5
2	60	0.7
2	60	0.5
2	60	0.2
2	60	0.4
2	60	0.7
2	60	0.4
2	60	0.6
2	60	0.3
2	60	0.5
2	60	0.4
2	60	0.3
2	60	0.6
2	60	0.4
2	60	0.3
2	60	0.2
2	60	0.5
2	60	0.4
2	60	0.4
2	60	0.5
2	60	0.2
2	60	0.2
2	60	0.4
2	60	0.4
2	60	0.4
2	60	0.5
2	60	0.4
2	60	0.5
2	60	0.4
2	60	0.3
2	60	0.3
2	60	0.5
2	60	0.4
2	60	0.5
2	60	0.4
2	60	0.4
2	60	0.1
2	60	0.3
2	60	0.4
2	60	0.3
2	60	0.6
2	60	0.6
2	60	0.3
2	60	0.2
2	60	0.5
2	60	0.5
2	60	0.4
2	60	0.4
2	60	0.5
2	60	0.6
2	60	0.3
2	60	0.3
2	60	0.2
2	60	0.5
2	60	0.4
2	60	0.3
2	60	0.3
2	60	0.4
2	60	0.5
2	60	0.3
2	60	0.2
2	60	0.7
2	60	0.6
2	60	0.4
2	60	0.3
2	60	0.4
2	60	0.4
2	60	0.4
2	60	0.2
2	60	0.4
2	60	0.3
2	60	0.2
2	60	0.5
2	60	0.7
2	60	0.5
2	60	0.6
2	60	0.5
2	60	0.3
2	60	0.1
2	60	0.4
2	60	0.5
2	60	0.7
2	60	0.5
2	60	0.2
2	60	0.4
2	60	0.4
2	60	0.6
2	60	0.5
2	60	0.3
2	60	0.4
2	60	0.3
2	60	0.5
2	60	0.3
2	60	0.4
2	60	0.6
2	60	0.2
2	60	0.4
2	60	0.7
2	60	0.4
2	60	0.4
2	60	0.3
2	60	0.4
2	60	0.2
2	60	0.5
2	60	0.6
2	60	0.1
2	60	0.3
2	60	0.5
2	60	0.4
2	60	0.5
2	60	0.5
2	60	0.7
2	60	0.5
2	60	0.6
2	60	0.3
2	60	0.5
2	60	0.6
2	60	0.5
2	60	0.3
2	60	0.2
2	60	0.4
2	60	0.5
2	60	0.5
2	60	0.3
2	60	0.2
2	60	0.3
2	60	0.3
2	60	0.3
2	60	0.3
2	60	0.4
2	60	0.5
2	60	0.2
2	60	0.5
2	60	0.4
2	60	0.4
2	60	0.4
2	60	0.4
2	60	0.4
2	60	0.4
2	60	0.6
2	60	0.3
2	60	0.6
2	60	0.2
2	60	0.6
2	60	0.6
2	60	0.3
2	60	0.4
2	60	0.3
2	60	0.1
2	60	0.2
2	60	0.3
2	60	0.5
2	60	0.4
2	60	0.2
2	60	0.5
2	60	0.2
2	60	0.5
2	60	0.6
2	60	0.5
2	60	0.6
2	60	0.4
2	60	0.3
2	60	0.5
2	60	0.5
2	60	0.1
2	60	0.6
2	60	0.4
2	60	0.5
2	60	0.3
2	60	0.2
2	60	0.4
2	60	0.5
2	60	0.5
2	60	0.3
2	60	0.5
2	60	0.5
2	60	0.6
2	60	0.5
2	60	0.3
2	60	0.4
2	60	0.3
2	60	0.4
2	60	0.7
2	60	0.1
2	60	0.5
2	60	0.3
2	60	0.4
2	60	0.4
2	60	0.3
2	60	0.7
2	30	0.5
2	30	0.3
2	30	0.2
2	30	0.2
2	30	0.5
2	30	0.5
2	30	0.3
2	30	0.4
2	30	0.3
2	30	0.6
2	30	0.5
2	30	0.5
2	30	0.4
2	30	0.4
2	30	0.4
2	30	0.7
2	30	0.3
2	30	0.3
2	30	0.6
2	30	0.4
2	30	0.6
2	30	0.3
2	30	0.2
2	30	0.3
2	30	0.3
2	30	0.3
2	30	0.4
2	30	0.5
2	30	0.4
2	30	0.5
2	30	0.4
2	30	0.3
2	30	0.2
2	30	0.3
2	30	0.5
2	30	0.3
2	30	0.4
2	30	0.5
2	30	0.5
2	30	0.4
2	30	0.5
2	30	0.3
2	30	0.4
2	30	0.7
2	30	0.2
2	30	0.2
2	30	0.3
2	30	0.4
2	30	0.4
2	30	0.3
2	30	0.3
2	30	0.4
2	30	0.6
2	30	0.6
2	30	0.2
2	30	0.4
2	30	0.5
2	30	0.6
2	30	0.6
2	30	0.2
2	30	0.5
2	30	0.4
2	30	0.4
2	30	0.3
2	30	0.3
2	30	0.6
2	30	0.4
2	30	0.5
2	30	0.5
2	30	0.4
2	30	0.2
2	30	0.3
2	30	0.3
2	30	0.4
2	30	0.2
2	30	0.5
2	30	0.5
2	30	0.4
2	30	0.6
2	30	0.7
2	30	0.4
2	30	0.5
2	30	0.5
2	30	0.3
2	30	0.7
2	30	0.5
2	30	0.4
2	30	0.3
2	30	0.3
2	30	0.4
2	30	0.5
2	30	0.6
2	30	0.2
2	30	0.5
2	30	0.6
2	30	0.3
2	30	0.7
2	30	0.6
2	30	0.4
2	30	0.3
2	30	0.4
2	30	0.3
2	30	0.4
2	30	0.6
2	30	0.6
2	30	0.5
2	30	0.3
2	30	0.4
2	30	0.3
2	30	0.5
2	30	0.4
2	30	0.5
2	30	0.4
2	30	0.5
2	30	0.5
2	30	0.4
2	30	0.5
2	30	0.6
2	30	0.5
2	30	0.6
2	30	0.3
2	30	0.5
2	30	0.6
2	30	0.6
2	30	0.4
2	30	0.4
2	30	0.2
2	30	0.5
2	30	0.4
2	30	0.6
2	30	0.5
2	30	0.3
2	30	0.3
2	30	0.6
2	30	0.4
2	30	0.4
2	30	0.3
2	30	0.5
2	30	0.2
2	30	0.3
2	30	0.2
2	30	0.6
2	30	0.6
2	30	0.4
2	30	0.3
2	30	0.5
2	30	0.7
2	30	0.5
2	30	0.4
2	30	0.3
2	30	0.4
2	30	0.4
2	30	0.6
2	30	0.3
2	30	0.3
2	30	0.3
2	30	0.4
2	30	0.5
2	30	0.4
2	30	0.4
2	30	0.6
2	30	0.3
2	30	0.4
2	30	0.1
2	30	0.3
2	30	0.3
2	30	0.3
2	30	0.5
2	30	0.4
2	30	0.8
2	30	0.3
2	30	0.5
2	30	0.3
2	30	0.4
2	30	0.6
2	30	0.6
2	30	0.3
2	30	0.4
2	30	0.2
2	30	0.3
2	30	0.3
2	30	0.2
2	30	0.7
2	30	0.5
2	30	0.3
2	30	0.4
2	30	0.4
2	30	0.3
2	30	0.5
2	30	0.6
2	30	0.6
2	30	0.3
2	30	0.4
2	30	0.4
2	30	0.5
2	30	0.3
2	30	0.5
2	30	0.6
2	30	0.3
2	30	0.4
3	1	0.0
3	1	0.1
3	1	0.0
3	1	0.0
3	1	0.3
3	1	0.1
3	1	0.0
3	1	0.1
3	1	0.2
3	1	0.0
3	1	0.1
3	1	0.0
3	1	0.1
3	1	0.0
3	1	0.3
3	1	0.0
3	1	0.0
3	1	0.0
3	1	0.0
3	1	0.2
3	1	0.0
3	1	0.0
3	1	0.0
3	1	0.0
3	1	0.1
3	1	0.0
3	1	0.0
3	1	0.2
3	1	0.2
3	1	0.1
3	1	0.0
3	1	0.0
3	1	0.1
3	1	0.0
3	1	0.1
3	1	0.0
3	1	0.0
3	1	0.1
3	1	0.1
3	1	0.1
3	1	0.1
3	1	0.2
3	1	0.0
3	1	0.0
3	1	0.2
3	1	0.0
3	1	0.0
3	1	0.1
3	1	0.0
3	1	0.0
3	1	0.0
3	1	0.2
3	1	0.0
3	1	0.1
3	1	0.0
3	1	0.1
3	1	0.0
3	1	0.1
3	1	0.1
3	1	0.1
3	1	0.0
3	1	0.0
3	1	0.0
3	1	0.0
3	1	0.1
3	1	0.0
3	1	0.0
3	1	0.0
3	1	0.0
3	1	0.0
3	1	0.0
3	1	0.0
3	1	0.0
3	1	0.0
3	1	0.0
3	1	0.0
3	1	0.0
3	1	0.0
3	1	0.0
3	1	0.1
3	1	0.1
3	1	0.0
3	1	0.1
3	1	0.0
3	1	0.0
3	1	0.1
3	1	0.1
3	1	0.0
3	1	0.0
3	1	0.0
3	1	0.1
3	1	0.1
3	1	0.0
3	1	0.0
3	1	0.0
3	1	0.0
3	1	0.1
3	1	0.2
3	1	0.0
3	1	0.0
3	1	0.0
3	1	0.0
3	1	0.0
3	1	0.0
3	1	0.0
3	1	0.1
3	1	0.0
3	1	0.0
3	1	0.2
3	1	0.0
3	1	0.0
3	1	0.1
3	1	0.0
3	1	0.0
3	1	0.3
3	1	0.0
3	1	0.1
3	1	0.1
3	1	0.0
3	1	0.0
3	1	0.0
3	1	0.1
3	1	0.1
3	1	0.1
3	1	0.1
3	1	0.0
3	1	0.0
3	1	0.0
3	1	0.2
3	1	0.0
3	1	0.1
3	1	0.0
3	1	0.1
3	1	0.0
3	1	0.0
3	1	0.1
3	1	0.2
3	1	0.0
3	1	0.1
3	1	0.0
3	1	0.1
3	1	0.1
3	1	0.1
3	1	0.1
3	1	0.0
3	1	0.0
3	1	0.1
3	1	0.0
3	1	0.0
3	1	0.0
3	1	0.1
3	1	0.0
3	1	0.1
3	1	0.1
3	1	0.0
3	1	0.1
3	1	0.0
3	1	0.0
3	1	0.0
3	1	0.2
3	1	0.0
3	1	0.1
3	1	0.1
3	1	0.0
3	1	0.0
3	1	0.0
3	1	0.1
3	1	0.0
3	1	0.0
3	1	0.1
3	1	0.1
3	1	0.0
3	1	0.0
3	1	0.1
3	1	0.2
3	1	0.0
3	1	0.0
3	1	0.0
3	1	0.1
3	1	0.0
3	1	0.2
3	1	0.0
3	1	0.0
3	1	0.1
3	1	0.0
3	1	0.1
3	1	0.0
3	1	0.0
3	1	0.1
3	1	0.1
3	1	0.1
3	1	0.0
3	1	0.0
3	1	0.0
3	1	0.0
3	1	0.1
3	1	0.0
3	1	0.1
3	1	0.0
3	1	0.0
3	100	0.5
3	100	0.3
3	100	0.3
3	100	0.4
3	100	0.4
3	100	0.4
3	100	0.5
3	100	0.2
3	100	0.6
3	100	0.4
3	100	0.5
3	100	0.3
3	100	0.3
3	100	0.4
3	100	0.3
3	100	0.5
3	100	0.4
3	100	0.5
3	100	0.3
3	100	0.3
3	100	0.5
3	100	0.5
3	100	0.4
3	100	0.2
3	100	0.4
3	100	0.6
3	100	0.6
3	100	0.4
3	100	0.4
3	100	0.4
3	100	0.4
3	100	0.4
3	100	0.4
3	100	0.5
3	100	0.3
3	100	0.5
3	100	0.3
3	100	0.3
3	100	0.3
3	100	0.5
3	100	0.4
3	100	0.3
3	100	0.3
3	100	0.3
3	100	0.5
3	100	0.2
3	100	0.3
3	100	0.3
3	100	0.5
3	100	0.4
3	100	0.4
3	100	0.4
3	100	0.4
3	100	0.2
3	100	0.3
3	100	0.4
3	100	0.5
3	100	0.5
3	100	0.2
3	100	0.4
3	100	0.5
3	100	0.5
3	100	0.3
3	100	0.3
3	100	0.5
3	100	0.5
3	100	0.3
3	100	0.5
3	100	0.4
3	100	0.4
3	100	0.7
3	100	0.4
3	100	0.4
3	100	0.5
3	100	0.3
3	100	0.3
3	100	0.5
3	100	0.5
3	100	0.4
3	100	0.3
3	100	0.4
3	100	0.5
3	100	0.5
3	100	0.4
3	100	0.4
3	100	0.6
3	100	0.2
3	100	0.3
3	100	0.4
3	100	0.4
3	100	0.1
3	100	0.3
3	100	0.3
3	100	0.3
3	100	0.3
3	100	0.3
3	100	0.3
3	100	0.4
3	100	0.4
3	100	0.4
3	100	0.3
3	100	0.5
3	100	0.3
3	100	0.4
3	100	0.5
3	100	0.3
3	100	0.3
3	100	0.2
3	100	0.3
3	100	0.5
3	100	0.4
3	100	0.6
3	100	0.5
3	100	0.4
3	100	0.3
3	100	0.2
3	100	0.4
3	100	0.6
3	100	0.4
3	100	0.3
3	100	0.6
3	100	0.5
3	100	0.3
3	100	0.4
3	100	0.3
3	100	0.3
3	100	0.4
3	100	0.3
3	100	0.4
3	100	0.3
3	100	0.2
3	100	0.3
3	100	0.2
3	100	0.3
3	100	0.4
3	100	0.3
3	100	0.4
3	100	0.3
3	100	0.4
3	100	0.5
3	100	0.6
3	100	0.4
3	100	0.5
3	100	0.2
3	100	0.4
3	100	0.3
3	100	0.3
3	100	0.4
3	100	0.4
3	100	0.4
3	100	0.3
3	100	0.1
3	100	0.4
3	100	0.4
3	100	0.5
3	100	0.3
3	100	0.5
3	100	0.3
3	100	0.3
3	100	0.4
3	100	0.6
3	100	0.5
3	100	0.3
3	100	0.3
3	100	0.3
3	100	0.6
3	100	0.2
3	100	0.4
3	100	0.3
3	100	0.5
3	100	0.4
3	100	0.6
3	100	0.3
3	100	0.4
3	100	0.3
3	100	0.5
3	100	0.3
3	100	0.3
3	100	0.4
3	100	0.4
3	100	0.4
3	100	0.2
3	100	0.4
3	100	0.3
3	100	0.5
3	100	0.4
3	100	0.6
3	100	0.4
3	100	0.4
3	100	0.2
3	100	0.3
3	100	0.5
3	100	0.2
3	100	0.5
3	100	0.3
3	100	0.5
3	100	0.4
3	100	0.2
3	100	0.1
3	100	0.5
3	70	0.2
3	70	0.3
3	70	0.5
3	70	0.4
3	70	0.4
3	70	0.4
3	70	0.3
3	70	0.4
3	70	0.6
3	70	0.5
3	70	0.2
3	70	0.5
3	70	0.5
3	70	0.3
3	70	0.4
3	70	0.3
3	70	0.2
3	70	0.4
3	70	0.3
3	70	0.2
3	70	0.5
3	70	0.3
3	70	0.5
3	70	0.4
3	70	0.2
3	70	0.3
3	70	0.4
3	70	0.5
3	70	0.2
3	70	0.4
3	70	0.5
3	70	0.6
3	70	0.6
3	70	0.4
3	70	0.5
3	70	0.2
3	70	0.3
3	70	0.4
3	70	0.5
3	70	0.5
3	70	0.4
3	70	0.4
3	70	0.3
3	70	0.5
3	70	0.5
3	70	0.3
3	70	0.5
3	70	0.4
3	70	0.2
3	70	0.3
3	70	0.3
3	70	0.4
3	70	0.4
3	70	0.4
3	70	0.3
3	70	0.4
3	70	0.2
3	70	0.5
3	70	0.6
3	70	0.2
3	70	0.4
3	70	0.5
3	70	0.5
3	70	0.4
3	70	0.4
3	70	0.5
3	70	0.4
3	70	0.5
3	70	0.3
3	70	0.4
3	70	0.4
3	70	0.4
3	70	0.5
3	70	0.4
3	70	0.5
3	70	0.4
3	70	0.2
3	70	0.4
3	70	0.3
3	70	0.3
3	70	0.3
3	70	0.3
3	70	0.6
3	70	0.2
3	70	0.3
3	70	0.4
3	70	0.2
3	70	0.3
3	70	0.5
3	70	0.3
3	70	0.5
3	70	0.5
3	70	0.3
3	70	0.2
3	70	0.3
3	70	0.5
3	70	0.4
3	70	0.4
3	70	0.4
3	70	0.4
3	70	0.4
3	70	0.3
3	70	0.6
3	70	0.5
3	70	0.4
3	70	0.6
3	70	0.3
3	70	0.3
3	70	0.3
3	70	0.2
3	70	0.4
3	70	0.4
3	70	0.4
3	70	0.5
3	70	0.4
3	70	0.5
3	70	0.3
3	70	0.5
3	70	0.4
3	70	0.6
3	70	0.2
3	70	0.4
3	70	0.2
3	70	0.4
3	70	0.6
3	70	0.6
3	70	0.2
3	70	0.3
3	70	0.3
3	70	0.2
3	70	0.4
3	70	0.4
3	70	0.4
3	70	0.4
3	70	0.4
3	70	0.2
3	70	0.4
3	70	0.4
3	70	0.1
3	70	0.3
3	70	0.5
3	70	0.4
3	70	0.5
3	70	0.4
3	70	0.3
3	70	0.5
3	70	0.3
3	70	0.5
3	70	0.2
3	70	0.5
3	70	0.3
3	70	0.3
3	70	0.4
3	70	0.2
3	70	0.6
3	70	0.4
3	70	0.3
3	70	0.2
3	70	0.4
3	70	0.3
3	70	0.4
3	70	0.4
3	70	0.4
3	70	0.4
3	70	0.4
3	70	0.4
3	70	0.3
3	70	0.4
3	70	0.3
3	70	0.6
3	70	0.4
3	70	0.5
3	70	0.4
3	70	0.3
3	70	0.3
3	70	0.4
3	70	0.4
3	70	0.1
3	70	0.4
3	70	0.4
3	70	0.4
3	70	0.2
3	70	0.4
3	70	0.4
3	70	0.3
3	70	0.5
3	70	0.4
3	70	0.3
3	70	0.4
3	70	0.5
3	70	0.6
3	70	0.5
3	70	0.2
3	70	0.4
3	70	0.5
3	70	0.5
3	70	0.5
3	70	0.4
3	70	0.5
3	70	0.2
3	40	0.5
3	40	0.5
3	40	0.2
3	40	0.3
3	40	0.3
3	40	0.2
3	40	0.4
3	40	0.5
3	40	0.5
3	40	0.4
3	40	0.4
3	40	0.4
3	40	0.4
3	40	0.4
3	40	0.4
3	40	0.5
3	40	0.3
3	40	0.3
3	40	0.3
3	40	0.4
3	40	0.4
3	40	0.3
3	40	0.2
3	40	0.5
3	40	0.2
3	40	0.4
3	40	0.6
3	40	0.5
3	40	0.5
3	40	0.2
3	40	0.4
3	40	0.4
3	40	0.2
3	40	0.4
3	40	0.6
3	40	0.3
3	40	0.5
3	40	0.3
3	40	0.5
3	40	0.4
3	40	0.7
3	40	0.4
3	40	0.4
3	40	0.2
3	40	0.3
3	40	0.3
3	40	0.6
3	40	0.4
3	40	0.4
3	40	0.5
3	40	0.3
3	40	0.1
3	40	0.7
3	40	0.4
3	40	0.2
3	40	0.4
3	40	0.3
3	40	0.4
3	40	0.3
3	40	0.3
3	40	0.4
3	40	0.3
3	40	0.5
3	40	0.4
3	40	0.3
3	40	0.7
3	40	0.3
3	40	0.3
3	40	0.4
3	40	0.2
3	40	0.3
3	40	0.3
3	40	0.4
3	40	0.4
3	40	0.1
3	40	0.2
3	40	0.5
3	40	0.3
3	40	0.4
3	40	0.4
3	40	0.3
3	40	0.2
3	40	0.4
3	40	0.4
3	40	0.4
3	40	0.6
3	40	0.4
3	40	0.4
3	40	0.3
3	40	0.5
3	40	0.4
3	40	0.3
3	40	0.4
3	40	0.4
3	40	0.4
3	40	0.4
3	40	0.3
3	40	0.4
3	40	0.4
3	40	0.5
3	40	0.4
3	40	0.5
3	40	0.5
3	40	0.3
3	40	0.3
3	40	0.3
3	40	0.4
3	40	0.3
3	40	0.4
3	40	0.2
3	40	0.5
3	40	0.4
3	40	0.5
3	40	0.4
3	40	0.3
3	40	0.3
3	40	0.5
3	40	0.5
3	40	0.5
3	40	0.3
3	40	0.5
3	40	0.6
3	40	0.2
3	40	0.4
3	40	0.4
3	40	0.6
3	40	0.5
3	40	0.5
3	40	0.3
3	40	0.4
3	40	0.2
3	40	0.4
3	40	0.4
3	40	0.5
3	40	0.4
3	40	0.3
3	40	0.2
3	40	0.5
3	40	0.5
3	40	0.5
3	40	0.3
3	40	0.5
3	40	0.3
3	40	0.4
3	40	0.3
3	40	0.5
3	40	0.4
3	40	0.3
3	40	0.4
3	40	0.4
3	40	0.7
3	40	0.5
3	40	0.7
3	40	0.3
3	40	0.5
3	40	0.4
3	40	0.5
3	40	0.3
3	40	0.4
3	40	0.5
3	40	0.3
3	40	0.6
3	40	0.4
3	40	0.3
3	40	0.3
3	40	0.4
3	40	0.3
3	40	0.4
3	40	0.2
3	40	0.3
3	40	0.2
3	40	0.4
3	40	0.3
3	40	0.5
3	40	0.3
3	40	0.5
3	40	0.5
3	40	0.5
3	40	0.4
3	40	0.4
3	40	0.4
3	40	0.4
3	40	0.5
3	40	0.3
3	40	0.4
3	40	0.4
3	40	0.3
3	40	0.2
3	40	0.6
3	40	0.3
3	40	0.6
3	40	0.4
3	40	0.4
3	40	0.4
3	40	0.3
3	40	0.5
3	40	0.5
3	40	0.5
3	40	0.4
3	40	0.7
3	10	0.3
3	10	0.3
3	10	0.3
3	10	0.2
3	10	0.5
3	10	0.6
3	10	0.3
3	10	0.4
3	10	0.5
3	10	0.4
3	10	0.1
3	10	0.1
3	10	0.1
3	10	0.3
3	10	0.2
3	10	0.4
3	10	0.2
3	10	0.3
3	10	0.1
3	10	0.2
3	10	0.0
3	10	0.1
3	10	0.3
3	10	0.5
3	10	0.2
3	10	0.2
3	10	0.2
3	10	0.2
3	10	0.1
3	10	0.4
3	10	0.4
3	10	0.3
3	10	0.1
3	10	0.3
3	10	0.4
3	10	0.2
3	10	0.1
3	10	0.2
3	10	0.2
3	10	0.3
3	10	0.2
3	10	0.1
3	10	0.2
3	10	0.3
3	10	0.2
3	10	0.1
3	10	0.2
3	10	0.4
3	10	0.4
3	10	0.3
3	10	0.2
3	10	0.1
3	10	0.2
3	10	0.3
3	10	0.4
3	10	0.4
3	10	0.4
3	10	0.3
3	10	0.2
3	10	0.6
3	10	0.3
3	10	0.4
3	10	0.6
3	10	0.3
3	10	0.1
3	10	0.1
3	10	0.3
3	10	0.2
3	10	0.4
3	10	0.3
3	10	0.4
3	10	0.3
3	10	0.3
3	10	0.2
3	10	0.2
3	10	0.3
3	10	0.2
3	10	0.2
3	10	0.2
3	10	0.1
3	10	0.2
3	10	0.2
3	10	0.5
3	10	0.3
3	10	0.3
3	10	0.5
3	10	0.0
3	10	0.2
3	10	0.3
3	10	0.2
3	10	0.2
3	10	0.3
3	10	0.2
3	10	0.3
3	10	0.2
3	10	0.3
3	10	0.1
3	10	0.1
3	10	0.4
3	10	0.1
3	10	0.3
3	10	0.4
3	10	0.2
3	10	0.3
3	10	0.1
3	10	0.3
3	10	0.0
3	10	0.3
3	10	0.2
3	10	0.3
3	10	0.5
3	10	0.2
3	10	0.3
3	10	0.5
3	10	0.2
3	10	0.3
3	10	0.3
3	10	0.2
3	10	0.3
3	10	0.3
3	10	0.2
3	10	0.3
3	10	0.4
3	10	0.3
3	10	0.3
3	10	0.3
3	10	0.2
3	10	0.4
3	10	0.4
3	10	0.3
3	10	0.0
3	10	0.1
3	10	0.4
3	10	0.3
3	10	0.3
3	10	0.3
3	10	0.2
3	10	0.4
3	10	0.2
3	10	0.3
3	10	0.3
3	10	0.3
3	10	0.1
3	10	0.2
3	10	0.4
3	10	0.2
3	10	0.2
3	10	0.3
3	10	0.4
3	10	0.0
3	10	0.3
3	10	0.3
3	10	0.3
3	10	0.3
3	10	0.4
3	10	0.3
3	10	0.3
3	10	0.3
3	10	0.2
3	10	0.1
3	10	0.3
3	10	0.5
3	10	0.4
3	10	0.3
3	10	0.2
3	10	0.3
3	10	0.2
3	10	0.0
3	10	0.3
3	10	0.4
3	10	0.4
3	10	0.2
3	10	0.1
3	10	0.3
3	10	0.3
3	10	0.5
3	10	0.2
3	10	0.3
3	10	0.1
3	10	0.3
3	10	0.4
3	10	0.3
3	10	0.4
3	10	0.2
3	10	0.1
3	10	0.2
3	10	0.3
3	10	0.4
3	10	0.2
3	10	0.3
3	10	0.2
3	10	0.2
3	10	0.4
3	10	0.2
3	10	0.3
3	10	0.3
3	10	0.2
3	10	0.3
3	10	0.2
3	10	0.2
3	80	0.4
3	80	0.4
3	80	0.5
3	80	0.4
3	80	0.5
3	80	0.3
3	80	0.4
3	80	0.3
3	80	0.4
3	80	0.5
3	80	0.5
3	80	0.6
3	80	0.5
3	80	0.5
3	80	0.4
3	80	0.4
3	80	0.5
3	80	0.3
3	80	0.5
3	80	0.4
3	80	0.3
3	80	0.4
3	80	0.5
3	80	0.4
3	80	0.5
3	80	0.3
3	80	0.3
3	80	0.3
3	80	0.4
3	80	0.5
3	80	0.5
3	80	0.4
3	80	0.3
3	80	0.6
3	80	0.4
3	80	0.4
3	80	0.5
3	80	0.4
3	80	0.5
3	80	0.5
3	80	0.5
3	80	0.3
3	80	0.3
3	80	0.2
3	80	0.3
3	80	0.5
3	80	0.4
3	80	0.4
3	80	0.5
3	80	0.6
3	80	0.3
3	80	0.6
3	80	0.2
3	80	0.3
3	80	0.2
3	80	0.6
3	80	0.5
3	80	0.3
3	80	0.2
3	80	0.3
3	80	0.5
3	80	0.4
3	80	0.4
3	80	0.4
3	80	0.2
3	80	0.4
3	80	0.3
3	80	0.2
3	80	0.5
3	80	0.5
3	80	0.4
3	80	0.3
3	80	0.4
3	80	0.5
3	80	0.5
3	80	0.4
3	80	0.5
3	80	0.3
3	80	0.4
3	80	0.7
3	80	0.3
3	80	0.4
3	80	0.5
3	80	0.4
3	80	0.5
3	80	0.2
3	80	0.4
3	80	0.2
3	80	0.4
3	80	0.5
3	80	0.6
3	80	0.7
3	80	0.4
3	80	0.4
3	80	0.6
3	80	0.6
3	80	0.4
3	80	0.4
3	80	0.5
3	80	0.3
3	80	0.3
3	80	0.4
3	80	0.3
3	80	0.5
3	80	0.3
3	80	0.4
3	80	0.4
3	80	0.4
3	80	0.4
3	80	0.6
3	80	0.3
3	80	0.3
3	80	0.4
3	80	0.3
3	80	0.5
3	80	0.3
3	80	0.6
3	80	0.3
3	80	0.3
3	80	0.6
3	80	0.6
3	80	0.7
3	80	0.4
3	80	0.5
3	80	0.3
3	80	0.4
3	80	0.6
3	80	0.3
3	80	0.2
3	80	0.4
3	80	0.3
3	80	0.4
3	80	0.6
3	80	0.3
3	80	0.6
3	80	0.6
3	80	0.3
3	80	0.3
3	80	0.5
3	80	0.4
3	80	0.4
3	80	0.5
3	80	0.7
3	80	0.4
3	80	0.3
3	80	0.5
3	80	0.5
3	80	0.3
3	80	0.4
3	80	0.5
3	80	0.4
3	80	0.3
3	80	0.4
3	80	0.3
3	80	0.3
3	80	0.4
3	80	0.5
3	80	0.5
3	80	0.3
3	80	0.6
3	80	0.5
3	80	0.5
3	80	0.4
3	80	0.4
3	80	0.5
3	80	0.4
3	80	0.4
3	80	0.4
3	80	0.3
3	80	0.6
3	80	0.5
3	80	0.6
3	80	0.3
3	80	0.4
3	80	0.4
3	80	0.5
3	80	0.5
3	80	0.3
3	80	0.4
3	80	0.3
3	80	0.2
3	80	0.5
3	80	0.5
3	80	0.5
3	80	0.6
3	80	0.6
3	80	0.3
3	80	0.3
3	80	0.4
3	80	0.6
3	80	0.5
3	80	0.4
3	80	0.5
3	80	0.3
3	80	0.4
3	80	0.5
3	80	0.5
3	80	0.5
3	80	0.5
3	80	0.4
3	50	0.2
3	50	0.3
3	50	0.6
3	50	0.5
3	50	0.3
3	50	0.1
3	50	0.3
3	50	0.3
3	50	0.5
3	50	0.4
3	50	0.3
3	50	0.4
3	50	0.4
3	50	0.4
3	50	0.6
3	50	0.5
3	50	0.4
3	50	0.4
3	50	0.2
3	50	0.3
3	50	0.2
3	50	0.4
3	50	0.3
3	50	0.5
3	50	0.3
3	50	0.4
3	50	0.3
3	50	0.5
3	50	0.4
3	50	0.4
3	50	0.4
3	50	0.4
3	50	0.2
3	50	0.3
3	50	0.2
3	50	0.4
3	50	0.4
3	50	0.5
3	50	0.3
3	50	0.3
3	50	0.3
3	50	0.5
3	50	0.7
3	50	0.4
3	50	0.3
3	50	0.3
3	50	0.2
3	50	0.4
3	50	0.4
3	50	0.6
3	50	0.5
3	50	0.4
3	50	0.3
3	50	0.2
3	50	0.4
3	50	0.4
3	50	0.4
3	50	0.2
3	50	0.4
3	50	0.5
3	50	0.2
3	50	0.5
3	50	0.4
3	50	0.2
3	50	0.4
3	50	0.3
3	50	0.3
3	50	0.5
3	50	0.2
3	50	0.5
3	50	0.2
3	50	0.5
3	50	0.4
3	50	0.3
3	50	0.4
3	50	0.3
3	50	0.3
3	50	0.5
3	50	0.3
3	50	0.3
3	50	0.3
3	50	0.4
3	50	0.2
3	50	0.5
3	50	0.4
3	50	0.2
3	50	0.3
3	50	0.4
3	50	0.4
3	50	0.4
3	50	0.5
3	50	0.4
3	50	0.5
3	50	0.3
3	50	0.4
3	50	0.6
3	50	0.4
3	50	0.3
3	50	0.5
3	50	0.6
3	50	0.4
3	50	0.3
3	50	0.3
3	50	0.4
3	50	0.3
3	50	0.4
3	50	0.5
3	50	0.4
3	50	0.4
3	50	0.4
3	50	0.3
3	50	0.4
3	50	0.5
3	50	0.5
3	50	0.3
3	50	0.5
3	50	0.4
3	50	0.4
3	50	0.5
3	50	0.3
3	50	0.3
3	50	0.3
3	50	0.5
3	50	0.3
3	50	0.4
3	50	0.3
3	50	0.2
3	50	0.2
3	50	0.3
3	50	0.4
3	50	0.5
3	50	0.3
3	50	0.5
3	50	0.3
3	50	0.4
3	50	0.5
3	50	0.6
3	50	0.4
3	50	0.7
3	50	0.5
3	50	0.5
3	50	0.2
3	50	0.4
3	50	0.4
3	50	0.6
3	50	0.5
3	50	0.4
3	50	0.4
3	50	0.3
3	50	0.5
3	50	0.4
3	50	0.4
3	50	0.6
3	50	0.6
3	50	0.5
3	50	0.6
3	50	0.4
3	50	0.5
3	50	0.4
3	50	0.7
3	50	0.3
3	50	0.4
3	50	0.4
3	50	0.6
3	50	0.2
3	50	0.4
3	50	0.6
3	50	0.2
3	50	0.5
3	50	0.6
3	50	0.4
3	50	0.3
3	50	0.3
3	50	0.4
3	50	0.4
3	50	0.5
3	50	0.6
3	50	0.3
3	50	0.5
3	50	0.2
3	50	0.5
3	50	0.5
3	50	0.4
3	50	0.3
3	50	0.3
3	50	0.5
3	50	0.3
3	50	0.6
3	50	0.4
3	50	0.3
3	50	0.4
3	50	0.3
3	50	0.5
3	50	0.2
3	50	0.4
3	50	0.6
3	50	0.2
3	50	0.5
3	50	0.3
3	50	0.5
3	20	0.4
3	20	0.3
3	20	0.4
3	20	0.5
3	20	0.6
3	20	0.3
3	20	0.4
3	20	0.3
3	20	0.4
3	20	0.7
3	20	0.3
3	20	0.5
3	20	0.3
3	20	0.5
3	20	0.2
3	20	0.4
3	20	0.4
3	20	0.5
3	20	0.5
3	20	0.5
3	20	0.4
3	20	0.5
3	20	0.5
3	20	0.4
3	20	0.3
3	20	0.4
3	20	0.4
3	20	0.2
3	20	0.4
3	20	0.4
3	20	0.4
3	20	0.2
3	20	0.3
3	20	0.6
3	20	0.3
3	20	0.3
3	20	0.3
3	20	0.3
3	20	0.3
3	20	0.2
3	20	0.3
3	20	0.5
3	20	0.2
3	20	0.4
3	20	0.3
3	20	0.4
3	20	0.4
3	20	0.2
3	20	0.6
3	20	0.6
3	20	0.5
3	20	0.3
3	20	0.2
3	20	0.5
3	20	0.4
3	20	0.3
3	20	0.4
3	20	0.5
3	20	0.5
3	20	0.3
3	20	0.5
3	20	0.5
3	20	0.4
3	20	0.5
3	20	0.3
3	20	0.3
3	20	0.7
3	20	0.3
3	20	0.2
3	20	0.2
3	20	0.3
3	20	0.4
3	20	0.4
3	20	0.3
3	20	0.3
3	20	0.5
3	20	0.2
3	20	0.7
3	20	0.1
3	20	0.5
3	20	0.3
3	20	0.2
3	20	0.4
3	20	0.4
3	20	0.3
3	20	0.6
3	20	0.5
3	20	0.4
3	20	0.2
3	20	0.0
3	20	0.4
3	20	0.3
3	20	0.2
3	20	0.4
3	20	0.6
3	20	0.5
3	20	0.4
3	20	0.7
3	20	0.2
3	20	0.5
3	20	0.3
3	20	0.3
3	20	0.4
3	20	0.3
3	20	0.3
3	20	0.5
3	20	0.3
3	20	0.6
3	20	0.4
3	20	0.6
3	20	0.3
3	20	0.3
3	20	0.1
3	20	0.1
3	20	0.4
3	20	0.5
3	20	0.4
3	20	0.5
3	20	0.4
3	20	0.2
3	20	0.5
3	20	0.6
3	20	0.2
3	20	0.6
3	20	0.6
3	20	0.3
3	20	0.3
3	20	0.3
3	20	0.3
3	20	0.4
3	20	0.4
3	20	0.4
3	20	0.4
3	20	0.3
3	20	0.4
3	20	0.5
3	20	0.3
3	20	0.5
3	20	0.6
3	20	0.3
3	20	0.4
3	20	0.3
3	20	0.4
3	20	0.2
3	20	0.1
3	20	0.6
3	20	0.6
3	20	0.2
3	20	0.5
3	20	0.3
3	20	0.4
3	20	0.3
3	20	0.4
3	20	0.5
3	20	0.5
3	20	0.6
3	20	0.1
3	20	0.3
3	20	0.1
3	20	0.3
3	20	0.5
3	20	0.5
3	20	0.5
3	20	0.3
3	20	0.3
3	20	0.2
3	20	0.5
3	20	0.5
3	20	0.4
3	20	0.4
3	20	0.3
3	20	0.3
3	20	0.5
3	20	0.3
3	20	0.5
3	20	0.5
3	20	0.1
3	20	0.2
3	20	0.4
3	20	0.5
3	20	0.4
3	20	0.3
3	20	0.3
3	20	0.6
3	20	0.3
3	20	0.4
3	20	0.3
3	20	0.4
3	20	0.3
3	20	0.3
3	20	0.5
3	20	0.4
3	20	0.3
3	20	0.5
3	20	0.5
3	20	0.3
3	20	0.5
3	20	0.1
3	20	0.0
3	20	0.4
3	90	0.5
3	90	0.6
3	90	0.4
3	90	0.3
3	90	0.3
3	90	0.4
3	90	0.5
3	90	0.3
3	90	0.6
3	90	0.3
3	90	0.6
3	90	0.5
3	90	0.4
3	90	0.5
3	90	0.5
3	90	0.4
3	90	0.4
3	90	0.4
3	90	0.3
3	90	0.6
3	90	0.6
3	90	0.5
3	90	0.3
3	90	0.6
3	90	0.4
3	90	0.4
3	90	0.3
3	90	0.4
3	90	0.4
3	90	0.4
3	90	0.6
3	90	0.4
3	90	0.4
3	90	0.5
3	90	0.4
3	90	0.5
3	90	0.5
3	90	0.2
3	90	0.4
3	90	0.3
3	90	0.5
3	90	0.3
3	90	0.5
3	90	0.3
3	90	0.4
3	90	0.4
3	90	0.4
3	90	0.5
3	90	0.4
3	90	0.3
3	90	0.3
3	90	0.4
3	90	0.4
3	90	0.3
3	90	0.4
3	90	0.3
3	90	0.4
3	90	0.5
3	90	0.3
3	90	0.7
3	90	0.5
3	90	0.4
3	90	0.4
3	90	0.2
3	90	0.5
3	90	0.2
3	90	0.4
3	90	0.4
3	90	0.4
3	90	0.3
3	90	0.5
3	90	0.2
3	90	0.3
3	90	0.4
3	90	0.5
3	90	0.4
3	90	0.4
3	90	0.6
3	90	0.4
3	90	0.7
3	90	0.3
3	90	0.4
3	90	0.4
3	90	0.3
3	90	0.5
3	90	0.4
3	90	0.4
3	90	0.5
3	90	0.3
3	90	0.4
3	90	0.3
3	90	0.5
3	90	0.3
3	90	0.5
3	90	0.4
3	90	0.4
3	90	0.5
3	90	0.4
3	90	0.5
3	90	0.3
3	90	0.4
3	90	0.3
3	90	0.4
3	90	0.5
3	90	0.5
3	90	0.6
3	90	0.3
3	90	0.3
3	90	0.3
3	90	0.1
3	90	0.6
3	90	0.6
3	90	0.4
3	90	0.5
3	90	0.2
3	90	0.6
3	90	0.3
3	90	0.3
3	90	0.4
3	90	0.3
3	90	0.4
3	90	0.4
3	90	0.4
3	90	0.3
3	90	0.4
3	90	0.5
3	90	0.3
3	90	0.4
3	90	0.4
3	90	0.5
3	90	0.5
3	90	0.3
3	90	0.2
3	90	0.6
3	90	0.4
3	90	0.1
3	90	0.5
3	90	0.3
3	90	0.5
3	90	0.4
3	90	0.4
3	90	0.4
3	90	0.6
3	90	0.6
3	90	0.2
3	90	0.5
3	90	0.3
3	90	0.3
3	90	0.3
3	90	0.3
3	90	0.3
3	90	0.3
3	90	0.4
3	90	0.5
3	90	0.3
3	90	0.5
3	90	0.3
3	90	0.2
3	90	0.6
3	90	0.4
3	90	0.4
3	90	0.3
3	90	0.2
3	90	0.7
3	90	0.5
3	90	0.5
3	90	0.4
3	90	0.5
3	90	0.5
3	90	0.4
3	90	0.5
3	90	0.5
3	90	0.6
3	90	0.2
3	90	0.4
3	90	0.4
3	90	0.4
3	90	0.6
3	90	0.4
3	90	0.4
3	90	0.3
3	90	0.3
3	90	0.3
3	90	0.4
3	90	0.4
3	90	0.5
3	90	0.3
3	90	0.4
3	90	0.4
3	90	0.4
3	90	0.3
3	90	0.4
3	90	0.3
3	90	0.5
3	90	0.4
3	90	0.4
3	90	0.2
3	90	0.5
3	90	0.4
3	90	0.3
3	60	0.4
3	60	0.3
3	60	0.4
3	60	0.4
3	60	0.4
3	60	0.2
3	60	0.5
3	60	0.4
3	60	0.2
3	60	0.4
3	60	0.5
3	60	0.4
3	60	0.4
3	60	0.5
3	60	0.4
3	60	0.5
3	60	0.5
3	60	0.6
3	60	0.4
3	60	0.3
3	60	0.5
3	60	0.3
3	60	0.4
3	60	0.4
3	60	0.3
3	60	0.5
3	60	0.4
3	60	0.4
3	60	0.4
3	60	0.3
3	60	0.5
3	60	0.5
3	60	0.4
3	60	0.4
3	60	0.4
3	60	0.5
3	60	0.3
3	60	0.4
3	60	0.3
3	60	0.5
3	60	0.4
3	60	0.6
3	60	0.3
3	60	0.5
3	60	0.3
3	60	0.5
3	60	0.3
3	60	0.4
3	60	0.3
3	60	0.4
3	60	0.5
3	60	0.3
3	60	0.4
3	60	0.3
3	60	0.4
3	60	0.1
3	60	0.3
3	60	0.6
3	60	0.5
3	60	0.3
3	60	0.3
3	60	0.4
3	60	0.5
3	60	0.1
3	60	0.3
3	60	0.4
3	60	0.2
3	60	0.4
3	60	0.3
3	60	0.2
3	60	0.3
3	60	0.3
3	60	0.3
3	60	0.4
3	60	0.6
3	60	0.2
3	60	0.4
3	60	0.3
3	60	0.3
3	60	0.2
3	60	0.3
3	60	0.4
3	60	0.6
3	60	0.3
3	60	0.5
3	60	0.4
3	60	0.3
3	60	0.4
3	60	0.4
3	60	0.5
3	60	0.7
3	60	0.4
3	60	0.4
3	60	0.5
3	60	0.3
3	60	0.4
3	60	0.3
3	60	0.4
3	60	0.7
3	60	0.3
3	60	0.6
3	60	0.4
3	60	0.3
3	60	0.4
3	60	0.2
3	60	0.5
3	60	0.5
3	60	0.3
3	60	0.5
3	60	0.5
3	60	0.4
3	60	0.2
3	60	0.4
3	60	0.4
3	60	0.4
3	60	0.4
3	60	0.4
3	60	0.5
3	60	0.5
3	60	0.5
3	60	0.3
3	60	0.3
3	60	0.3
3	60	0.6
3	60	0.5
3	60	0.3
3	60	0.5
3	60	0.3
3	60	0.4
3	60	0.4
3	60	0.5
3	60	0.4
3	60	0.2
3	60	0.4
3	60	0.4
3	60	0.4
3	60	0.4
3	60	0.4
3	60	0.3
3	60	0.4
3	60	0.5
3	60	0.4
3	60	0.3
3	60	0.3
3	60	0.5
3	60	0.3
3	60	0.3
3	60	0.5
3	60	0.3
3	60	0.5
3	60	0.4
3	60	0.3
3	60	0.7
3	60	0.4
3	60	0.2
3	60	0.4
3	60	0.6
3	60	0.5
3	60	0.4
3	60	0.5
3	60	0.5
3	60	0.4
3	60	0.4
3	60	0.3
3	60	0.6
3	60	0.5
3	60	0.3
3	60	0.4
3	60	0.2
3	60	0.3
3	60	0.5
3	60	0.6
3	60	0.2
3	60	0.4
3	60	0.3
3	60	0.5
3	60	0.5
3	60	0.4
3	60	0.3
3	60	0.3
3	60	0.5
3	60	0.4
3	60	0.4
3	60	0.5
3	60	0.5
3	60	0.4
3	60	0.2
3	60	0.4
3	60	0.2
3	60	0.3
3	60	0.3
3	60	0.2
3	60	0.6
3	60	0.5
3	60	0.4
3	60	0.4
3	60	0.3
3	60	0.4
3	60	0.5
3	60	0.4
3	30	0.4
3	30	0.6
3	30	0.3
3	30	0.4
3	30	0.5
3	30	0.3
3	30	0.4
3	30	0.5
3	30	0.2
3	30	0.5
3	30	0.4
3	30	0.4
3	30	0.5
3	30	0.1
3	30	0.5
3	30	0.3
3	30	0.5
3	30	0.5
3	30	0.5
3	30	0.3
3	30	0.4
3	30	0.3
3	30	0.4
3	30	0.4
3	30	0.4
3	30	0.2
3	30	0.2
3	30	0.6
3	30	0.5
3	30	0.4
3	30	0.3
3	30	0.3
3	30	0.5
3	30	0.4
3	30	0.6
3	30	0.5
3	30	0.4
3	30	0.5
3	30	0.5
3	30	0.3
3	30	0.3
3	30	0.3
3	30	0.4
3	30	0.5
3	30	0.4
3	30	0.3
3	30	0.6
3	30	0.5
3	30	0.3
3	30	0.5
3	30	0.4
3	30	0.4
3	30	0.4
3	30	0.3
3	30	0.3
3	30	0.6
3	30	0.6
3	30	0.4
3	30	0.2
3	30	0.3
3	30	0.6
3	30	0.5
3	30	0.2
3	30	0.3
3	30	0.6
3	30	0.4
3	30	0.5
3	30	0.4
3	30	0.4
3	30	0.2
3	30	0.4
3	30	0.5
3	30	0.4
3	30	0.4
3	30	0.5
3	30	0.4
3	30	0.2
3	30	0.5
3	30	0.4
3	30	0.5
3	30	0.5
3	30	0.5
3	30	0.2
3	30	0.5
3	30	0.1
3	30	0.4
3	30	0.6
3	30	0.4
3	30	0.3
3	30	0.3
3	30	0.5
3	30	0.4
3	30	0.4
3	30	0.4
3	30	0.2
3	30	0.4
3	30	0.5
3	30	0.6
3	30	0.3
3	30	0.2
3	30	0.3
3	30	0.5
3	30	0.3
3	30	0.6
3	30	0.2
3	30	0.3
3	30	0.3
3	30	0.5
3	30	0.6
3	30	0.4
3	30	0.4
3	30	0.5
3	30	0.3
3	30	0.6
3	30	0.5
3	30	0.4
3	30	0.4
3	30	0.4
3	30	0.4
3	30	0.4
3	30	0.2
3	30	0.3
3	30	0.2
3	30	0.4
3	30	0.5
3	30	0.3
3	30	0.4
3	30	0.3
3	30	0.4
3	30	0.7
3	30	0.3
3	30	0.5
3	30	0.4
3	30	0.4
3	30	0.3
3	30	0.3
3	30	0.4
3	30	0.4
3	30	0.4
3	30	0.4
3	30	0.5
3	30	0.2
3	30	0.2
3	30	0.4
3	30	0.7
3	30	0.3
3	30	0.3
3	30	0.6
3	30	0.4
3	30	0.4
3	30	0.4
3	30	0.6
3	30	0.3
3	30	0.3
3	30	0.5
3	30	0.5
3	30	0.5
3	30	0.5
3	30	0.6
3	30	0.3
3	30	0.6
3	30	0.4
3	30	0.7
3	30	0.3
3	30	0.4
3	30	0.3
3	30	0.5
3	30	0.6
3	30	0.5
3	30	0.4
3	30	0.5
3	30	0.5
3	30	0.4
3	30	0.4
3	30	0.2
3	30	0.5
3	30	0.5
3	30	0.3
3	30	0.5
3	30	0.7
3	30	0.2
3	30	0.3
3	30	0.2
3	30	0.2
3	30	0.6
3	30	0.7
3	30	0.4
3	30	0.6
3	30	0.3
3	30	0.6
3	30	0.4
3	30	0.2
3	30	0.3
3	30	0.3
3	30	0.3
3	30	0.2
3	30	0.3
3	30	0.3
3	30	0.2
3	30	0.2
4	1	0.2
4	1	0.0
4	1	0.2
4	1	0.0
4	1	0.0
4	1	0.0
4	1	0.0
4	1	0.0
4	1	0.0
4	1	0.1
4	1	0.0
4	1	0.0
4	1	0.1
4	1	0.0
4	1	0.1
4	1	0.1
4	1	0.0
4	1	0.1
4	1	0.0
4	1	0.0
4	1	0.2
4	1	0.0
4	1	0.0
4	1	0.1
4	1	0.1
4	1	0.2
4	1	0.0
4	1	0.1
4	1	0.0
4	1	0.1
4	1	0.1
4	1	0.0
4	1	0.0
4	1	0.0
4	1	0.1
4	1	0.1
4	1	0.0
4	1	0.0
4	1	0.0
4	1	0.0
4	1	0.1
4	1	0.1
4	1	0.2
4	1	0.1
4	1	0.0
4	1	0.0
4	1	0.0
4	1	0.2
4	1	0.0
4	1	0.0
4	1	0.0
4	1	0.1
4	1	0.0
4	1	0.1
4	1	0.0
4	1	0.0
4	1	0.0
4	1	0.0
4	1	0.2
4	1	0.0
4	1	0.2
4	1	0.0
4	1	0.1
4	1	0.0
4	1	0.0
4	1	0.1
4	1	0.0
4	1	0.3
4	1	0.1
4	1	0.1
4	1	0.0
4	1	0.0
4	1	0.0
4	1	0.1
4	1	0.1
4	1	0.0
4	1	0.1
4	1	0.1
4	1	0.0
4	1	0.0
4	1	0.1
4	1	0.0
4	1	0.0
4	1	0.1
4	1	0.0
4	1	0.1
4	1	0.0
4	1	0.0
4	1	0.1
4	1	0.0
4	1	0.1
4	1	0.0
4	1	0.0
4	1	0.1
4	1	0.0
4	1	0.0
4	1	0.1
4	1	0.0
4	1	0.1
4	1	0.2
4	1	0.0
4	1	0.0
4	1	0.0
4	1	0.0
4	1	0.0
4	1	0.1
4	1	0.0
4	1	0.0
4	1	0.0
4	1	0.2
4	1	0.1
4	1	0.0
4	1	0.1
4	1	0.1
4	1	0.3
4	1	0.0
4	1	0.0
4	1	0.0
4	1	0.1
4	1	0.0
4	1	0.0
4	1	0.0
4	1	0.0
4	1	0.2
4	1	0.1
4	1	0.2
4	1	0.0
4	1	0.0
4	1	0.0
4	1	0.2
4	1	0.0
4	1	0.2
4	1	0.0
4	1	0.1
4	1	0.0
4	1	0.0
4	1	0.0
4	1	0.1
4	1	0.0
4	1	0.0
4	1	0.0
4	1	0.0
4	1	0.2
4	1	0.0
4	1	0.0
4	1	0.1
4	1	0.0
4	1	0.0
4	1	0.2
4	1	0.0
4	1	0.0
4	1	0.0
4	1	0.1
4	1	0.1
4	1	0.0
4	1	0.0
4	1	0.0
4	1	0.0
4	1	0.0
4	1	0.0
4	1	0.1
4	1	0.0
4	1	0.0
4	1	0.0
4	1	0.0
4	1	0.0
4	1	0.2
4	1	0.1
4	1	0.2
4	1	0.0
4	1	0.1
4	1	0.1
4	1	0.0
4	1	0.0
4	1	0.0
4	1	0.1
4	1	0.1
4	1	0.1
4	1	0.0
4	1	0.0
4	1	0.2
4	1	0.0
4	1	0.1
4	1	0.1
4	1	0.0
4	1	0.0
4	1	0.0
4	1	0.0
4	1	0.0
4	1	0.0
4	1	0.0
4	1	0.0
4	1	0.1
4	1	0.1
4	1	0.0
4	1	0.0
4	1	0.1
4	1	0.0
4	1	0.0
4	1	0.0
4	100	0.4
4	100	0.3
4	100	0.4
4	100	0.4
4	100	0.4
4	100	0.4
4	100	0.4
4	100	0.4
4	100	0.4
4	100	0.3
4	100	0.4
4	100	0.4
4	100	0.4
4	100	0.4
4	100	0.4
4	100	0.4
4	100	0.4
4	100	0.4
4	100	0.4
4	100	0.4
4	100	0.4
4	100	0.4
4	100	0.4
4	100	0.4
4	100	0.4
4	100	0.4
4	100	0.4
4	100	0.4
4	100	0.4
4	100	0.4
4	100	0.4
4	100	0.4
4	100	0.3
4	100	0.4
4	100	0.3
4	100	0.4
4	100	0.4
4	100	0.4
4	100	0.4
4	100	0.4
4	100	0.4
4	100	0.4
4	100	0.4
4	100	0.4
4	100	0.4
4	100	0.4
4	100	0.4
4	100	0.4
4	100	0.4
4	100	0.3
4	100	0.4
4	100	0.4
4	100	0.4
4	100	0.4
4	100	0.4
4	100	0.4
4	100	0.4
4	100	0.4
4	100	0.4
4	100	0.3
4	100	0.4
4	100	0.3
4	100	0.4
4	100	0.4
4	100	0.4
4	100	0.4
4	100	0.4
4	100	0.4
4	100	0.4
4	100	0.4
4	100	0.4
4	100	0.4
4	100	0.4
4	100	0.4
4	100	0.4
4	100	0.4
4	100	0.4
4	100	0.4
4	100	0.4
4	100	0.4
4	100	0.4
4	100	0.4
4	100	0.4
4	100	0.4
4	100	0.3
4	100	0.4
4	100	0.4
4	100	0.4
4	100	0.4
4	100	0.4
4	100	0.4
4	100	0.4
4	100	0.4
4	100	0.4
4	100	0.3
4	100	0.4
4	100	0.2
4	100	0.4
4	100	0.3
4	100	0.4
4	100	0.4
4	100	0.4
4	100	0.4
4	100	0.4
4	100	0.4
4	100	0.3
4	100	0.5
4	100	0.4
4	100	0.4
4	100	0.4
4	100	0.3
4	100	0.4
4	100	0.4
4	100	0.4
4	100	0.4
4	100	0.4
4	100	0.4
4	100	0.4
4	100	0.4
4	100	0.5
4	100	0.4
4	100	0.3
4	100	0.4
4	100	0.4
4	100	0.4
4	100	0.4
4	100	0.4
4	100	0.4
4	100	0.4
4	100	0.4
4	100	0.4
4	100	0.4
4	100	0.4
4	100	0.4
4	100	0.4
4	100	0.4
4	100	0.4
4	100	0.4
4	100	0.4
4	100	0.4
4	100	0.4
4	100	0.3
4	100	0.4
4	100	0.4
4	100	0.5
4	100	0.4
4	100	0.4
4	100	0.4
4	100	0.4
4	100	0.4
4	100	0.4
4	100	0.4
4	100	0.4
4	100	0.4
4	100	0.4
4	100	0.4
4	100	0.4
4	100	0.4
4	100	0.4
4	100	0.4
4	100	0.4
4	100	0.4
4	100	0.4
4	100	0.4
4	100	0.4
4	100	0.4
4	100	0.4
4	100	0.4
4	100	0.4
4	100	0.4
4	100	0.4
4	100	0.4
4	100	0.4
4	100	0.3
4	100	0.4
4	100	0.4
4	100	0.4
4	100	0.4
4	100	0.4
4	100	0.4
4	100	0.3
4	100	0.2
4	100	0.4
4	100	0.4
4	100	0.4
4	100	0.4
4	100	0.3
4	100	0.3
4	100	0.4
4	100	0.4
4	100	0.4
4	100	0.4
4	100	0.4
4	100	0.4
4	100	0.4
4	100	0.4
4	100	0.4
4	100	0.3
4	100	0.4
4	100	0.4
4	70	0.2
4	70	0.4
4	70	0.4
4	70	0.5
4	70	0.4
4	70	0.4
4	70	0.4
4	70	0.2
4	70	0.4
4	70	0.4
4	70	0.4
4	70	0.4
4	70	0.4
4	70	0.4
4	70	0.4
4	70	0.3
4	70	0.4
4	70	0.3
4	70	0.2
4	70	0.4
4	70	0.4
4	70	0.4
4	70	0.4
4	70	0.3
4	70	0.4
4	70	0.4
4	70	0.5
4	70	0.4
4	70	0.3
4	70	0.4
4	70	0.4
4	70	0.4
4	70	0.4
4	70	0.4
4	70	0.4
4	70	0.4
4	70	0.4
4	70	0.4
4	70	0.4
4	70	0.3
4	70	0.4
4	70	0.4
4	70	0.5
4	70	0.4
4	70	0.4
4	70	0.4
4	70	0.3
4	70	0.3
4	70	0.4
4	70	0.4
4	70	0.5
4	70	0.4
4	70	0.4
4	70	0.4
4	70	0.4
4	70	0.3
4	70	0.4
4	70	0.4
4	70	0.4
4	70	0.5
4	70	0.4
4	70	0.2
4	70	0.4
4	70	0.5
4	70	0.5
4	70	0.3
4	70	0.4
4	70	0.3
4	70	0.3
4	70	0.4
4	70	0.4
4	70	0.5
4	70	0.4
4	70	0.3
4	70	0.5
4	70	0.5
4	70	0.6
4	70	0.3
4	70	0.4
4	70	0.4
4	70	0.4
4	70	0.4
4	70	0.4
4	70	0.3
4	70	0.4
4	70	0.3
4	70	0.4
4	70	0.4
4	70	0.4
4	70	0.3
4	70	0.4
4	70	0.4
4	70	0.2
4	70	0.3
4	70	0.3
4	70	0.4
4	70	0.5
4	70	0.2
4	70	0.3
4	70	0.4
4	70	0.3
4	70	0.4
4	70	0.4
4	70	0.3
4	70	0.3
4	70	0.3
4	70	0.3
4	70	0.4
4	70	0.3
4	70	0.3
4	70	0.3
4	70	0.3
4	70	0.3
4	70	0.5
4	70	0.3
4	70	0.4
4	70	0.3
4	70	0.3
4	70	0.4
4	70	0.5
4	70	0.3
4	70	0.5
4	70	0.4
4	70	0.4
4	70	0.4
4	70	0.3
4	70	0.3
4	70	0.4
4	70	0.4
4	70	0.4
4	70	0.3
4	70	0.4
4	70	0.3
4	70	0.3
4	70	0.4
4	70	0.3
4	70	0.3
4	70	0.4
4	70	0.5
4	70	0.3
4	70	0.3
4	70	0.4
4	70	0.3
4	70	0.3
4	70	0.4
4	70	0.3
4	70	0.4
4	70	0.4
4	70	0.2
4	70	0.3
4	70	0.4
4	70	0.5
4	70	0.4
4	70	0.4
4	70	0.3
4	70	0.4
4	70	0.3
4	70	0.4
4	70	0.3
4	70	0.4
4	70	0.4
4	70	0.4
4	70	0.3
4	70	0.4
4	70	0.5
4	70	0.4
4	70	0.4
4	70	0.4
4	70	0.3
4	70	0.4
4	70	0.4
4	70	0.4
4	70	0.3
4	70	0.4
4	70	0.5
4	70	0.3
4	70	0.2
4	70	0.4
4	70	0.3
4	70	0.5
4	70	0.3
4	70	0.3
4	70	0.4
4	70	0.3
4	70	0.4
4	70	0.4
4	70	0.3
4	70	0.3
4	70	0.5
4	70	0.3
4	70	0.3
4	70	0.3
4	70	0.3
4	70	0.4
4	70	0.4
4	70	0.3
4	70	0.5
4	70	0.3
4	70	0.4
4	70	0.4
4	40	0.4
4	40	0.5
4	40	0.5
4	40	0.3
4	40	0.4
4	40	0.4
4	40	0.6
4	40	0.2
4	40	0.3
4	40	0.5
4	40	0.5
4	40	0.4
4	40	0.4
4	40	0.2
4	40	0.4
4	40	0.4
4	40	0.2
4	40	0.3
4	40	0.4
4	40	0.4
4	40	0.5
4	40	0.4
4	40	0.3
4	40	0.4
4	40	0.6
4	40	0.3
4	40	0.4
4	40	0.4
4	40	0.5
4	40	0.4
4	40	0.3
4	40	0.3
4	40	0.4
4	40	0.4
4	40	0.4
4	40	0.5
4	40	0.3
4	40	0.5
4	40	0.2
4	40	0.3
4	40	0.4
4	40	0.7
4	40	0.3
4	40	0.4
4	40	0.5
4	40	0.5
4	40	0.6
4	40	0.5
4	40	0.6
4	40	0.5
4	40	0.4
4	40	0.4
4	40	0.3
4	40	0.5
4	40	0.3
4	40	0.3
4	40	0.6
4	40	0.4
4	40	0.3
4	40	0.3
4	40	0.3
4	40	0.6
4	40	0.4
4	40	0.5
4	40	0.4
4	40	0.7
4	40	0.3
4	40	0.4
4	40	0.4
4	40	0.5
4	40	0.4
4	40	0.3
4	40	0.6
4	40	0.4
4	40	0.5
4	40	0.4
4	40	0.5
4	40	0.3
4	40	0.5
4	40	0.5
4	40	0.6
4	40	0.6
4	40	0.5
4	40	0.2
4	40	0.6
4	40	0.3
4	40	0.4
4	40	0.4
4	40	0.3
4	40	0.4
4	40	0.3
4	40	0.4
4	40	0.3
4	40	0.4
4	40	0.3
4	40	0.5
4	40	0.3
4	40	0.5
4	40	0.2
4	40	0.5
4	40	0.5
4	40	0.6
4	40	0.4
4	40	0.3
4	40	0.2
4	40	0.2
4	40	0.4
4	40	0.5
4	40	0.5
4	40	0.3
4	40	0.4
4	40	0.6
4	40	0.4
4	40	0.3
4	40	0.4
4	40	0.3
4	40	0.6
4	40	0.4
4	40	0.3
4	40	0.3
4	40	0.4
4	40	0.5
4	40	0.2
4	40	0.2
4	40	0.3
4	40	0.3
4	40	0.4
4	40	0.4
4	40	0.4
4	40	0.2
4	40	0.5
4	40	0.4
4	40	0.4
4	40	0.4
4	40	0.5
4	40	0.5
4	40	0.3
4	40	0.4
4	40	0.4
4	40	0.3
4	40	0.2
4	40	0.6
4	40	0.5
4	40	0.4
4	40	0.3
4	40	0.2
4	40	0.5
4	40	0.2
4	40	0.4
4	40	0.5
4	40	0.3
4	40	0.5
4	40	0.4
4	40	0.3
4	40	0.6
4	40	0.4
4	40	0.5
4	40	0.3
4	40	0.5
4	40	0.7
4	40	0.4
4	40	0.5
4	40	0.5
4	40	0.4
4	40	0.3
4	40	0.4
4	40	0.3
4	40	0.4
4	40	0.4
4	40	0.4
4	40	0.3
4	40	0.2
4	40	0.6
4	40	0.3
4	40	0.3
4	40	0.3
4	40	0.3
4	40	0.5
4	40	0.6
4	40	0.4
4	40	0.3
4	40	0.4
4	40	0.4
4	40	0.2
4	40	0.3
4	40	0.2
4	40	0.5
4	40	0.2
4	40	0.3
4	40	0.5
4	40	0.3
4	40	0.3
4	40	0.3
4	40	0.2
4	40	0.3
4	40	0.3
4	40	0.5
4	40	0.4
4	40	0.4
4	40	0.5
4	10	0.3
4	10	0.3
4	10	0.2
4	10	0.1
4	10	0.4
4	10	0.1
4	10	0.2
4	10	0.2
4	10	0.4
4	10	0.3
4	10	0.5
4	10	0.3
4	10	0.1
4	10	0.6
4	10	0.2
4	10	0.2
4	10	0.3
4	10	0.2
4	10	0.4
4	10	0.5
4	10	0.3
4	10	0.5
4	10	0.1
4	10	0.2
4	10	0.2
4	10	0.4
4	10	0.5
4	10	0.2
4	10	0.3
4	10	0.2
4	10	0.2
4	10	0.4
4	10	0.1
4	10	0.3
4	10	0.2
4	10	0.2
4	10	0.1
4	10	0.5
4	10	0.1
4	10	0.1
4	10	0.3
4	10	0.2
4	10	0.4
4	10	0.3
4	10	0.4
4	10	0.5
4	10	0.2
4	10	0.4
4	10	0.6
4	10	0.5
4	10	0.2
4	10	0.2
4	10	0.2
4	10	0.3
4	10	0.6
4	10	0.5
4	10	0.3
4	10	0.3
4	10	0.2
4	10	0.1
4	10	0.2
4	10	0.4
4	10	0.1
4	10	0.3
4	10	0.3
4	10	0.3
4	10	0.4
4	10	0.5
4	10	0.1
4	10	0.2
4	10	0.3
4	10	0.4
4	10	0.4
4	10	0.4
4	10	0.4
4	10	0.4
4	10	0.4
4	10	0.4
4	10	0.3
4	10	0.3
4	10	0.4
4	10	0.1
4	10	0.3
4	10	0.3
4	10	0.2
4	10	0.4
4	10	0.2
4	10	0.1
4	10	0.1
4	10	0.5
4	10	0.4
4	10	0.4
4	10	0.4
4	10	0.1
4	10	0.2
4	10	0.4
4	10	0.1
4	10	0.3
4	10	0.4
4	10	0.1
4	10	0.1
4	10	0.2
4	10	0.3
4	10	0.2
4	10	0.2
4	10	0.3
4	10	0.4
4	10	0.4
4	10	0.3
4	10	0.4
4	10	0.4
4	10	0.3
4	10	0.4
4	10	0.3
4	10	0.5
4	10	0.4
4	10	0.3
4	10	0.4
4	10	0.2
4	10	0.5
4	10	0.2
4	10	0.2
4	10	0.2
4	10	0.4
4	10	0.3
4	10	0.6
4	10	0.5
4	10	0.0
4	10	0.3
4	10	0.3
4	10	0.3
4	10	0.3
4	10	0.2
4	10	0.1
4	10	0.2
4	10	0.3
4	10	0.2
4	10	0.3
4	10	0.1
4	10	0.0
4	10	0.4
4	10	0.2
4	10	0.4
4	10	0.3
4	10	0.2
4	10	0.2
4	10	0.2
4	10	0.2
4	10	0.1
4	10	0.5
4	10	0.2
4	10	0.2
4	10	0.3
4	10	0.3
4	10	0.2
4	10	0.2
4	10	0.3
4	10	0.3
4	10	0.3
4	10	0.3
4	10	0.2
4	10	0.5
4	10	0.3
4	10	0.2
4	10	0.2
4	10	0.3
4	10	0.2
4	10	0.4
4	10	0.3
4	10	0.2
4	10	0.1
4	10	0.1
4	10	0.5
4	10	0.4
4	10	0.1
4	10	0.2
4	10	0.3
4	10	0.4
4	10	0.1
4	10	0.1
4	10	0.3
4	10	0.1
4	10	0.2
4	10	0.1
4	10	0.2
4	10	0.4
4	10	0.3
4	10	0.2
4	10	0.2
4	10	0.4
4	10	0.2
4	10	0.3
4	10	0.3
4	10	0.4
4	10	0.2
4	10	0.1
4	10	0.2
4	10	0.4
4	10	0.4
4	10	0.4
4	80	0.4
4	80	0.5
4	80	0.4
4	80	0.4
4	80	0.4
4	80	0.4
4	80	0.4
4	80	0.5
4	80	0.3
4	80	0.4
4	80	0.4
4	80	0.5
4	80	0.4
4	80	0.5
4	80	0.5
4	80	0.5
4	80	0.4
4	80	0.4
4	80	0.5
4	80	0.4
4	80	0.6
4	80	0.4
4	80	0.4
4	80	0.3
4	80	0.4
4	80	0.4
4	80	0.4
4	80	0.4
4	80	0.4
4	80	0.4
4	80	0.5
4	80	0.5
4	80	0.4
4	80	0.4
4	80	0.5
4	80	0.4
4	80	0.4
4	80	0.6
4	80	0.4
4	80	0.4
4	80	0.4
4	80	0.4
4	80	0.4
4	80	0.4
4	80	0.5
4	80	0.5
4	80	0.3
4	80	0.4
4	80	0.6
4	80	0.4
4	80	0.5
4	80	0.4
4	80	0.5
4	80	0.4
4	80	0.4
4	80	0.3
4	80	0.5
4	80	0.3
4	80	0.4
4	80	0.4
4	80	0.5
4	80	0.3
4	80	0.4
4	80	0.4
4	80	0.4
4	80	0.4
4	80	0.4
4	80	0.3
4	80	0.4
4	80	0.3
4	80	0.4
4	80	0.5
4	80	0.6
4	80	0.4
4	80	0.5
4	80	0.3
4	80	0.3
4	80	0.4
4	80	0.3
4	80	0.4
4	80	0.4
4	80	0.4
4	80	0.3
4	80	0.4
4	80	0.5
4	80	0.4
4	80	0.4
4	80	0.4
4	80	0.3
4	80	0.4
4	80	0.4
4	80	0.5
4	80	0.4
4	80	0.4
4	80	0.5
4	80	0.5
4	80	0.5
4	80	0.4
4	80	0.4
4	80	0.4
4	80	0.4
4	80	0.4
4	80	0.4
4	80	0.4
4	80	0.4
4	80	0.4
4	80	0.4
4	80	0.4
4	80	0.3
4	80	0.4
4	80	0.4
4	80	0.4
4	80	0.5
4	80	0.5
4	80	0.5
4	80	0.5
4	80	0.4
4	80	0.4
4	80	0.3
4	80	0.3
4	80	0.4
4	80	0.4
4	80	0.3
4	80	0.4
4	80	0.3
4	80	0.4
4	80	0.4
4	80	0.5
4	80	0.4
4	80	0.4
4	80	0.4
4	80	0.3
4	80	0.5
4	80	0.4
4	80	0.4
4	80	0.4
4	80	0.4
4	80	0.4
4	80	0.4
4	80	0.4
4	80	0.4
4	80	0.4
4	80	0.4
4	80	0.4
4	80	0.4
4	80	0.5
4	80	0.4
4	80	0.4
4	80	0.5
4	80	0.3
4	80	0.4
4	80	0.4
4	80	0.5
4	80	0.4
4	80	0.4
4	80	0.4
4	80	0.4
4	80	0.3
4	80	0.4
4	80	0.4
4	80	0.4
4	80	0.3
4	80	0.3
4	80	0.5
4	80	0.3
4	80	0.3
4	80	0.4
4	80	0.4
4	80	0.3
4	80	0.3
4	80	0.3
4	80	0.4
4	80	0.4
4	80	0.4
4	80	0.4
4	80	0.4
4	80	0.4
4	80	0.6
4	80	0.5
4	80	0.4
4	80	0.4
4	80	0.4
4	80	0.4
4	80	0.5
4	80	0.4
4	80	0.4
4	80	0.4
4	80	0.3
4	80	0.4
4	80	0.5
4	80	0.4
4	80	0.4
4	80	0.4
4	80	0.4
4	80	0.4
4	80	0.4
4	80	0.4
4	80	0.6
4	80	0.5
4	80	0.4
4	50	0.4
4	50	0.5
4	50	0.5
4	50	0.3
4	50	0.5
4	50	0.3
4	50	0.5
4	50	0.2
4	50	0.5
4	50	0.5
4	50	0.2
4	50	0.4
4	50	0.5
4	50	0.5
4	50	0.6
4	50	0.3
4	50	0.4
4	50	0.3
4	50	0.4
4	50	0.3
4	50	0.4
4	50	0.5
4	50	0.6
4	50	0.5
4	50	0.5
4	50	0.2
4	50	0.5
4	50	0.6
4	50	0.3
4	50	0.4
4	50	0.5
4	50	0.3
4	50	0.3
4	50	0.4
4	50	0.3
4	50	0.5
4	50	0.6
4	50	0.4
4	50	0.5
4	50	0.5
4	50	0.5
4	50	0.4
4	50	0.5
4	50	0.4
4	50	0.2
4	50	0.3
4	50	0.3
4	50	0.6
4	50	0.2
4	50	0.4
4	50	0.4
4	50	0.3
4	50	0.5
4	50	0.3
4	50	0.3
4	50	0.3
4	50	0.3
4	50	0.5
4	50	0.5
4	50	0.3
4	50	0.3
4	50	0.4
4	50	0.3
4	50	0.3
4	50	0.5
4	50	0.5
4	50	0.5
4	50	0.4
4	50	0.4
4	50	0.5
4	50	0.5
4	50	0.5
4	50	0.3
4	50	0.4
4	50	0.5
4	50	0.4
4	50	0.5
4	50	0.3
4	50	0.4
4	50	0.3
4	50	0.6
4	50	0.4
4	50	0.3
4	50	0.4
4	50	0.2
4	50	0.4
4	50	0.4
4	50	0.5
4	50	0.2
4	50	0.4
4	50	0.5
4	50	0.3
4	50	0.3
4	50	0.5
4	50	0.3
4	50	0.5
4	50	0.4
4	50	0.4
4	50	0.5
4	50	0.4
4	50	0.4
4	50	0.4
4	50	0.5
4	50	0.6
4	50	0.5
4	50	0.2
4	50	0.3
4	50	0.3
4	50	0.4
4	50	0.4
4	50	0.6
4	50	0.3
4	50	0.2
4	50	0.5
4	50	0.3
4	50	0.4
4	50	0.4
4	50	0.4
4	50	0.4
4	50	0.3
4	50	0.3
4	50	0.3
4	50	0.5
4	50	0.3
4	50	0.4
4	50	0.6
4	50	0.3
4	50	0.5
4	50	0.5
4	50	0.4
4	50	0.0
4	50	0.4
4	50	0.5
4	50	0.5
4	50	0.4
4	50	0.4
4	50	0.4
4	50	0.6
4	50	0.3
4	50	0.5
4	50	0.3
4	50	0.4
4	50	0.3
4	50	0.3
4	50	0.5
4	50	0.7
4	50	0.5
4	50	0.3
4	50	0.3
4	50	0.5
4	50	0.5
4	50	0.3
4	50	0.4
4	50	0.4
4	50	0.5
4	50	0.3
4	50	0.5
4	50	0.4
4	50	0.4
4	50	0.2
4	50	0.4
4	50	0.5
4	50	0.5
4	50	0.3
4	50	0.3
4	50	0.4
4	50	0.5
4	50	0.4
4	50	0.3
4	50	0.4
4	50	0.2
4	50	0.3
4	50	0.2
4	50	0.3
4	50	0.5
4	50	0.4
4	50	0.5
4	50	0.3
4	50	0.5
4	50	0.5
4	50	0.4
4	50	0.6
4	50	0.4
4	50	0.5
4	50	0.5
4	50	0.3
4	50	0.3
4	50	0.4
4	50	0.4
4	50	0.5
4	50	0.4
4	50	0.5
4	50	0.4
4	50	0.4
4	50	0.3
4	50	0.4
4	50	0.2
4	50	0.4
4	50	0.4
4	50	0.5
4	20	0.2
4	20	0.2
4	20	0.5
4	20	0.5
4	20	0.6
4	20	0.3
4	20	0.3
4	20	0.4
4	20	0.4
4	20	0.4
4	20	0.5
4	20	0.3
4	20	0.5
4	20	0.5
4	20	0.3
4	20	0.4
4	20	0.5
4	20	0.4
4	20	0.3
4	20	0.3
4	20	0.3
4	20	0.2
4	20	0.3
4	20	0.3
4	20	0.3
4	20	0.3
4	20	0.2
4	20	0.3
4	20	0.3
4	20	0.4
4	20	0.4
4	20	0.5
4	20	0.6
4	20	0.3
4	20	0.3
4	20	0.5
4	20	0.5
4	20	0.3
4	20	0.5
4	20	0.4
4	20	0.5
4	20	0.4
4	20	0.2
4	20	0.7
4	20	0.3
4	20	0.4
4	20	0.4
4	20	0.4
4	20	0.3
4	20	0.4
4	20	0.3
4	20	0.5
4	20	0.2
4	20	0.2
4	20	0.6
4	20	0.6
4	20	0.2
4	20	0.5
4	20	0.4
4	20	0.5
4	20	0.0
4	20	0.3
4	20	0.4
4	20	0.3
4	20	0.4
4	20	0.2
4	20	0.2
4	20	0.3
4	20	0.2
4	20	0.3
4	20	0.4
4	20	0.4
4	20	0.3
4	20	0.3
4	20	0.4
4	20	0.3
4	20	0.4
4	20	0.3
4	20	0.4
4	20	0.2
4	20	0.5
4	20	0.5
4	20	0.6
4	20	0.5
4	20	0.5
4	20	0.4
4	20	0.3
4	20	0.7
4	20	0.4
4	20	0.4
4	20	0.4
4	20	0.6
4	20	0.5
4	20	0.6
4	20	0.4
4	20	0.5
4	20	0.6
4	20	0.2
4	20	0.3
4	20	0.2
4	20	0.5
4	20	0.1
4	20	0.1
4	20	0.3
4	20	0.2
4	20	0.5
4	20	0.4
4	20	0.3
4	20	0.4
4	20	0.5
4	20	0.3
4	20	0.4
4	20	0.6
4	20	0.3
4	20	0.4
4	20	0.4
4	20	0.4
4	20	0.6
4	20	0.3
4	20	0.4
4	20	0.8
4	20	0.4
4	20	0.2
4	20	0.4
4	20	0.5
4	20	0.5
4	20	0.2
4	20	0.3
4	20	0.5
4	20	0.2
4	20	0.4
4	20	0.5
4	20	0.4
4	20	0.4
4	20	0.5
4	20	0.4
4	20	0.4
4	20	0.5
4	20	0.3
4	20	0.6
4	20	0.1
4	20	0.3
4	20	0.1
4	20	0.5
4	20	0.6
4	20	0.1
4	20	0.4
4	20	0.4
4	20	0.3
4	20	0.2
4	20	0.3
4	20	0.6
4	20	0.2
4	20	0.3
4	20	0.4
4	20	0.3
4	20	0.4
4	20	0.3
4	20	0.3
4	20	0.4
4	20	0.1
4	20	0.5
4	20	0.4
4	20	0.3
4	20	0.5
4	20	0.3
4	20	0.3
4	20	0.4
4	20	0.5
4	20	0.5
4	20	0.4
4	20	0.3
4	20	0.6
4	20	0.3
4	20	0.6
4	20	0.4
4	20	0.3
4	20	0.4
4	20	0.5
4	20	0.2
4	20	0.3
4	20	0.4
4	20	0.2
4	20	0.1
4	20	0.3
4	20	0.5
4	20	0.3
4	20	0.4
4	20	0.5
4	20	0.2
4	20	0.1
4	20	0.2
4	20	0.2
4	20	0.4
4	20	0.7
4	20	0.5
4	20	0.5
4	20	0.4
4	20	0.3
4	20	0.5
4	90	0.4
4	90	0.4
4	90	0.4
4	90	0.4
4	90	0.4
4	90	0.4
4	90	0.5
4	90	0.4
4	90	0.4
4	90	0.4
4	90	0.4
4	90	0.5
4	90	0.4
4	90	0.4
4	90	0.4
4	90	0.4
4	90	0.4
4	90	0.4
4	90	0.5
4	90	0.4
4	90	0.4
4	90	0.4
4	90	0.4
4	90	0.4
4	90	0.5
4	90	0.4
4	90	0.4
4	90	0.4
4	90	0.4
4	90	0.4
4	90	0.4
4	90	0.4
4	90	0.4
4	90	0.4
4	90	0.4
4	90	0.4
4	90	0.4
4	90	0.4
4	90	0.5
4	90	0.4
4	90	0.4
4	90	0.4
4	90	0.4
4	90	0.4
4	90	0.4
4	90	0.4
4	90	0.4
4	90	0.4
4	90	0.4
4	90	0.4
4	90	0.4
4	90	0.4
4	90	0.4
4	90	0.4
4	90	0.4
4	90	0.4
4	90	0.4
4	90	0.4
4	90	0.4
4	90	0.3
4	90	0.4
4	90	0.4
4	90	0.4
4	90	0.4
4	90	0.4
4	90	0.4
4	90	0.4
4	90	0.3
4	90	0.4
4	90	0.4
4	90	0.4
4	90	0.4
4	90	0.4
4	90	0.4
4	90	0.4
4	90	0.4
4	90	0.4
4	90	0.4
4	90	0.5
4	90	0.4
4	90	0.4
4	90	0.4
4	90	0.4
4	90	0.4
4	90	0.4
4	90	0.4
4	90	0.3
4	90	0.4
4	90	0.4
4	90	0.4
4	90	0.4
4	90	0.5
4	90	0.4
4	90	0.4
4	90	0.4
4	90	0.4
4	90	0.4
4	90	0.4
4	90	0.4
4	90	0.4
4	90	0.4
4	90	0.4
4	90	0.4
4	90	0.4
4	90	0.4
4	90	0.4
4	90	0.4
4	90	0.4
4	90	0.4
4	90	0.5
4	90	0.4
4	90	0.4
4	90	0.5
4	90	0.4
4	90	0.3
4	90	0.4
4	90	0.4
4	90	0.4
4	90	0.4
4	90	0.4
4	90	0.4
4	90	0.4
4	90	0.3
4	90	0.4
4	90	0.4
4	90	0.4
4	90	0.4
4	90	0.4
4	90	0.4
4	90	0.5
4	90	0.4
4	90	0.4
4	90	0.4
4	90	0.4
4	90	0.4
4	90	0.4
4	90	0.4
4	90	0.4
4	90	0.4
4	90	0.4
4	90	0.4
4	90	0.4
4	90	0.4
4	90	0.4
4	90	0.4
4	90	0.4
4	90	0.4
4	90	0.4
4	90	0.4
4	90	0.3
4	90	0.4
4	90	0.4
4	90	0.4
4	90	0.4
4	90	0.4
4	90	0.4
4	90	0.4
4	90	0.4
4	90	0.3
4	90	0.4
4	90	0.4
4	90	0.4
4	90	0.4
4	90	0.3
4	90	0.4
4	90	0.4
4	90	0.4
4	90	0.4
4	90	0.4
4	90	0.4
4	90	0.4
4	90	0.4
4	90	0.4
4	90	0.4
4	90	0.4
4	90	0.4
4	90	0.4
4	90	0.4
4	90	0.4
4	90	0.4
4	90	0.4
4	90	0.4
4	90	0.4
4	90	0.4
4	90	0.4
4	90	0.4
4	90	0.4
4	90	0.4
4	90	0.4
4	90	0.4
4	90	0.4
4	90	0.4
4	90	0.3
4	90	0.4
4	90	0.4
4	90	0.4
4	90	0.3
4	90	0.4
4	90	0.4
4	90	0.4
4	60	0.5
4	60	0.5
4	60	0.3
4	60	0.3
4	60	0.5
4	60	0.4
4	60	0.4
4	60	0.4
4	60	0.3
4	60	0.5
4	60	0.3
4	60	0.5
4	60	0.4
4	60	0.4
4	60	0.4
4	60	0.3
4	60	0.2
4	60	0.3
4	60	0.3
4	60	0.4
4	60	0.4
4	60	0.3
4	60	0.3
4	60	0.6
4	60	0.3
4	60	0.4
4	60	0.4
4	60	0.4
4	60	0.3
4	60	0.7
4	60	0.4
4	60	0.4
4	60	0.2
4	60	0.4
4	60	0.4
4	60	0.4
4	60	0.4
4	60	0.3
4	60	0.4
4	60	0.5
4	60	0.3
4	60	0.4
4	60	0.4
4	60	0.3
4	60	0.2
4	60	0.4
4	60	0.4
4	60	0.4
4	60	0.5
4	60	0.4
4	60	0.4
4	60	0.4
4	60	0.3
4	60	0.4
4	60	0.5
4	60	0.5
4	60	0.6
4	60	0.3
4	60	0.3
4	60	0.3
4	60	0.3
4	60	0.3
4	60	0.4
4	60	0.5
4	60	0.3
4	60	0.4
4	60	0.3
4	60	0.4
4	60	0.4
4	60	0.4
4	60	0.3
4	60	0.5
4	60	0.4
4	60	0.4
4	60	0.4
4	60	0.6
4	60	0.4
4	60	0.4
4	60	0.3
4	60	0.4
4	60	0.3
4	60	0.5
4	60	0.3
4	60	0.4
4	60	0.4
4	60	0.5
4	60	0.4
4	60	0.4
4	60	0.3
4	60	0.3
4	60	0.3
4	60	0.6
4	60	0.4
4	60	0.5
4	60	0.3
4	60	0.4
4	60	0.3
4	60	0.4
4	60	0.5
4	60	0.2
4	60	0.3
4	60	0.4
4	60	0.3
4	60	0.4
4	60	0.4
4	60	0.6
4	60	0.3
4	60	0.4
4	60	0.3
4	60	0.4
4	60	0.5
4	60	0.5
4	60	0.3
4	60	0.4
4	60	0.3
4	60	0.3
4	60	0.4
4	60	0.4
4	60	0.5
4	60	0.3
4	60	0.3
4	60	0.3
4	60	0.4
4	60	0.4
4	60	0.3
4	60	0.3
4	60	0.3
4	60	0.5
4	60	0.3
4	60	0.5
4	60	0.4
4	60	0.5
4	60	0.4
4	60	0.6
4	60	0.4
4	60	0.5
4	60	0.3
4	60	0.4
4	60	0.5
4	60	0.4
4	60	0.4
4	60	0.4
4	60	0.5
4	60	0.3
4	60	0.5
4	60	0.6
4	60	0.4
4	60	0.3
4	60	0.5
4	60	0.4
4	60	0.2
4	60	0.6
4	60	0.6
4	60	0.5
4	60	0.6
4	60	0.3
4	60	0.5
4	60	0.5
4	60	0.5
4	60	0.6
4	60	0.4
4	60	0.4
4	60	0.4
4	60	0.4
4	60	0.3
4	60	0.6
4	60	0.4
4	60	0.3
4	60	0.4
4	60	0.2
4	60	0.3
4	60	0.3
4	60	0.3
4	60	0.4
4	60	0.4
4	60	0.3
4	60	0.4
4	60	0.5
4	60	0.4
4	60	0.4
4	60	0.4
4	60	0.5
4	60	0.5
4	60	0.4
4	60	0.2
4	60	0.3
4	60	0.4
4	60	0.4
4	60	0.3
4	60	0.5
4	60	0.2
4	60	0.3
4	60	0.3
4	60	0.2
4	60	0.4
4	60	0.4
4	60	0.5
4	60	0.3
4	60	0.4
4	60	0.3
4	30	0.4
4	30	0.4
4	30	0.2
4	30	0.5
4	30	0.1
4	30	0.2
4	30	0.4
4	30	0.3
4	30	0.4
4	30	0.5
4	30	0.4
4	30	0.4
4	30	0.7
4	30	0.3
4	30	0.5
4	30	0.7
4	30	0.2
4	30	0.2
4	30	0.1
4	30	0.4
4	30	0.7
4	30	0.4
4	30	0.3
4	30	0.6
4	30	0.3
4	30	0.6
4	30	0.4
4	30	0.4
4	30	0.2
4	30	0.3
4	30	0.4
4	30	0.3
4	30	0.4
4	30	0.5
4	30	0.3
4	30	0.3
4	30	0.5
4	30	0.5
4	30	0.5
4	30	0.6
4	30	0.4
4	30	0.5
4	30	0.4
4	30	0.5
4	30	0.4
4	30	0.2
4	30	0.3
4	30	0.3
4	30	0.5
4	30	0.5
4	30	0.3
4	30	0.6
4	30	0.3
4	30	0.4
4	30	0.5
4	30	0.5
4	30	0.3
4	30	0.3
4	30	0.3
4	30	0.2
4	30	0.5
4	30	0.4
4	30	0.4
4	30	0.4
4	30	0.2
4	30	0.4
4	30	0.5
4	30	0.4
4	30	0.5
4	30	0.5
4	30	0.4
4	30	0.3
4	30	0.5
4	30	0.4
4	30	0.3
4	30	0.4
4	30	0.2
4	30	0.3
4	30	0.4
4	30	0.3
4	30	0.7
4	30	0.4
4	30	0.5
4	30	0.2
4	30	0.4
4	30	0.4
4	30	0.5
4	30	0.4
4	30	0.5
4	30	0.4
4	30	0.6
4	30	0.5
4	30	0.3
4	30	0.3
4	30	0.3
4	30	0.3
4	30	0.4
4	30	0.3
4	30	0.3
4	30	0.4
4	30	0.4
4	30	0.5
4	30	0.5
4	30	0.6
4	30	0.3
4	30	0.4
4	30	0.2
4	30	0.3
4	30	0.5
4	30	0.6
4	30	0.5
4	30	0.4
4	30	0.2
4	30	0.4
4	30	0.5
4	30	0.4
4	30	0.4
4	30	0.4
4	30	0.8
4	30	0.1
4	30	0.3
4	30	0.3
4	30	0.4
4	30	0.6
4	30	0.4
4	30	0.6
4	30	0.2
4	30	0.3
4	30	0.6
4	30	0.2
4	30	0.4
4	30	0.3
4	30	0.4
4	30	0.5
4	30	0.5
4	30	0.4
4	30	0.4
4	30	0.5
4	30	0.4
4	30	0.3
4	30	0.4
4	30	0.3
4	30	0.3
4	30	0.4
4	30	0.4
4	30	0.4
4	30	0.4
4	30	0.5
4	30	0.6
4	30	0.3
4	30	0.2
4	30	0.4
4	30	0.6
4	30	0.4
4	30	0.4
4	30	0.5
4	30	0.3
4	30	0.5
4	30	0.3
4	30	0.2
4	30	0.4
4	30	0.3
4	30	0.3
4	30	0.4
4	30	0.5
4	30	0.2
4	30	0.4
4	30	0.4
4	30	0.4
4	30	0.4
4	30	0.4
4	30	0.2
4	30	0.4
4	30	0.5
4	30	0.5
4	30	0.3
4	30	0.3
4	30	0.3
4	30	0.3
4	30	0.5
4	30	0.2
4	30	0.4
4	30	0.5
4	30	0.4
4	30	0.5
4	30	0.3
4	30	0.2
4	30	0.3
4	30	0.4
4	30	0.4
4	30	0.6
4	30	0.5
4	30	0.4
4	30	0.5
4	30	0.4
4	30	0.2
4	30	0.4
4	30	0.6
4	30	0.5
4	30	0.5
