001
002
003
004
005
006
007
008
009
010
011
012
013
014
015
016
017
018
019
020
022
023
024
025
026
027
028
029
031
032
033
034
035
036
037
038
039
040
041
043
044
045
046
047
048
049
050
001
002
003
004
005
006
007
009
010
011
013
014
015
016
017
018
019
020
021
022
023
024
025
026
027
029
030
031
032
033
034
035
036
037
038
039
041
042
043
044
045
046
047
048
004
005
006
007
008
009
012
013
014
015
016
017
019
020
022
023
024
025
028
029
030
031
032
033
034
035
036
038
039
040
041
042
043
045
046
047
048
057
058
059
060
062
063
064
065
066
067
001
002
003
004
005
006
007
008
009
010
011
012
013
014
016
017
018
019
020
022
023
024
025
026
027
028
029
030
031
032
033
034
035
036
037
038
039
040
041
042
043
044
045
046
047
048
049
050
001
002
003
004
005
006
007
008
009
010
011
012
013
014
015
016
017
018
019
020
021
022
023
024
025
026
027
028
029
030
031
032
033
034
035
036
037
038
039
040
041
042
043
044
045
046
047
048
002
008
016
017
019
022
028
029
044
064
066
074
083
089
094
099
103
112
119
123
129
131
138
140
141
147
155
169
181
183
186
201
216
218
228
232
236
237
248
256
258
261
279
283
294
317
324
333
336
014
034
051
053
056
061
075
095
193
257
260
265
266
276
277
286
287
295
296
302
306
314
316
318
328
332
401
402
403
404
405
406
407
408
409
410
411
414
415
417
418
419
420
422
424
425
426
427
REF
CHR
REF
REF
CHR
CHR
CHR
CHR
CHR
REF
REF
CHR
CHR
CHR
REF
CHR
CHR
REF
CHR
CHR
CHR
REF
REF
REF
REF
CHR
CHR
REF
REF
CHR
REF
REF
CHR
CHR
REF
REF
REF
REF
CHR
REF
CHR
REF
CHR
CHR
CHR
CHR
REF
CHR
CHR
REF
CHR
REF
CHR
REF
CHR
REF
CHR
REF
CHR
REF
REF
CHR
CHR
CHR
REF
CHR
CHR
REF
CHR
REF
CHR
REF
CHR
CHR
REF
CHR
REF
REF
CHR
REF
REF
CHR
REF
REF
CHR
REF
CHR
CHR
REF
REF
CHR
REF
REF
REF
REF
REF
CHR
REF
CHR
REF
CHR

